Level = 0
478 

Level = 1
55 168 256 332 593 749 881 

Level = 2
0 1 9 12 21 24 28 32 36 38 40 44 45 52 82 94 98 105 137 142 150 156 184 185 191 209 210 213 218 228 236 242 249 251 259 261 273 278 281 282 283 288 296 297 313 324 360 369 374 378 379 408 419 433 437 473 480 499 503 515 516 519 531 535 545 568 569 578 595 601 604 612 617 626 627 640 671 679 691 703 707 751 757 758 767 769 785 789 790 794 818 821 822 842 861 887 892 910 914 920 923 950 968 976 995 

Level = 3
2 3 4 5 6 7 8 10 11 13 14 15 16 17 18 19 20 22 23 26 27 29 31 33 34 35 37 39 41 42 43 47 48 49 50 51 56 57 58 59 60 61 62 63 64 65 66 67 68 69 70 71 72 73 74 76 78 79 80 81 83 84 86 87 88 89 90 91 95 96 97 99 100 102 103 104 107 108 109 110 111 112 114 115 116 117 118 119 120 123 125 126 127 128 129 130 131 132 133 134 136 138 140 141 143 144 145 146 147 148 149 153 154 155 157 158 159 160 161 162 163 164 165 166 167 169 172 173 174 175 176 178 179 181 183 187 188 189 190 193 194 195 196 197 198 199 200 203 204 205 206 207 208 212 215 216 217 219 221 222 223 225 226 230 232 234 235 237 238 240 243 246 247 248 250 252 253 254 255 257 260 262 264 265 266 267 268 269 270 271 272 274 275 276 277 280 284 285 286 287 289 290 291 292 294 295 298 299 300 302 306 307 309 310 312 314 315 316 319 321 323 326 327 328 329 330 331 335 336 337 341 342 343 344 345 346 347 348 349 351 352 355 359 361 362 363 364 366 368 370 372 373 375 376 377 380 381 382 383 384 386 387 390 391 392 393 394 395 396 397 398 400 401 402 404 405 406 407 409 410 411 412 414 416 421 422 425 426 429 430 431 432 434 438 439 440 441 442 445 446 447 448 449 450 451 452 453 454 455 457 458 459 460 463 464 468 470 471 474 476 477 479 485 489 490 493 495 497 500 501 502 504 505 506 507 508 509 510 511 512 513 517 518 520 521 522 523 524 526 528 532 533 534 537 540 541 542 543 546 547 548 549 550 551 553 554 555 556 558 559 560 561 562 564 565 566 567 570 571 572 573 574 575 576 579 580 581 582 583 584 585 587 588 589 590 592 594 597 598 599 600 602 606 607 609 610 611 613 614 616 618 619 620 622 624 625 628 629 632 633 638 639 641 642 643 644 646 648 649 650 651 652 657 658 660 661 663 664 665 666 670 673 674 675 676 677 682 685 686 687 688 692 693 695 696 697 698 699 704 708 710 715 718 722 724 726 727 728 731 734 737 739 742 745 746 750 752 753 754 759 761 762 764 766 768 771 772 774 778 779 781 782 783 784 786 787 788 791 793 795 796 797 798 799 800 801 802 806 808 810 813 814 815 816 823 824 826 827 828 832 834 835 836 838 839 841 843 844 848 850 851 857 859 860 864 870 874 875 876 877 878 879 882 883 885 886 888 889 890 891 894 898 899 902 906 908 912 913 916 918 921 930 931 934 938 942 946 947 948 949 951 952 953 954 955 957 960 962 963 965 970 971 972 974 979 981 986 987 988 991 994 999 

Level = 4
25 30 46 53 54 75 77 85 92 93 101 106 113 121 122 124 135 139 151 152 170 171 177 180 182 186 192 201 202 211 214 220 224 227 229 231 233 239 241 244 245 258 263 279 293 301 303 304 305 308 311 317 318 320 322 325 333 334 339 340 350 353 354 356 357 358 365 367 371 385 388 389 399 413 415 417 418 420 423 424 427 428 435 436 443 444 456 461 462 465 466 467 469 472 481 482 484 486 488 491 492 494 498 514 525 527 529 530 536 538 539 544 552 557 563 577 586 591 596 603 605 608 615 623 630 631 634 635 636 637 645 647 653 654 655 656 659 662 667 668 669 672 678 680 681 684 689 690 694 700 701 702 705 706 709 712 713 714 716 717 719 720 721 723 725 729 730 733 735 736 738 740 744 747 748 755 756 760 763 765 770 773 775 776 777 792 803 804 805 807 809 812 817 819 820 825 829 830 831 833 837 840 845 846 847 849 852 853 855 856 858 862 863 866 867 868 869 872 873 880 884 893 895 896 897 900 901 903 904 905 907 909 911 915 917 919 922 924 925 926 927 928 929 932 933 935 937 939 940 941 943 944 945 956 958 959 961 964 966 967 969 973 975 977 978 980 982 983 985 990 992 

Level = 5
338 475 487 496 621 683 711 854 865 871 984 989 993 996 997 998 

Level = 6


depth: 
2
2
3
3
3
3
3
3
3
2
3
3
2
3
3
3
3
3
3
3
3
2
3
3
2
4
3
3
2
3
4
3
2
3
3
3
2
3
2
3
2
3
3
3
2
2
4
3
3
3
3
3
2
4
4
1
3
3
3
3
3
3
3
3
3
3
3
3
3
3
3
3
3
3
3
4
3
4
3
3
3
3
2
3
3
4
3
3
3
3
3
3
4
4
2
3
3
3
2
3
3
4
3
3
3
2
4
3
3
3
3
3
3
4
3
3
3
3
3
3
3
4
4
3
4
3
3
3
3
3
3
3
3
3
3
4
3
2
3
4
3
3
2
3
3
3
3
3
3
3
2
4
4
3
3
3
2
3
3
3
3
3
3
3
3
3
3
3
1
3
4
4
3
3
3
3
3
4
3
3
4
3
4
3
2
2
4
3
3
3
3
2
4
3
3
3
3
3
3
3
3
4
4
3
3
3
3
3
3
2
2
4
3
2
4
3
3
3
2
3
4
3
3
3
4
3
3
4
2
4
3
4
3
4
3
3
2
3
3
4
3
4
2
3
4
4
3
3
3
2
3
2
3
3
3
3
1
3
4
2
3
2
3
4
3
3
3
3
3
3
3
3
3
2
3
3
3
3
2
4
3
2
2
2
3
3
3
3
2
3
3
3
3
4
3
3
2
2
3
3
3
4
3
4
4
4
3
3
4
3
3
4
3
2
3
3
3
4
4
3
4
3
4
3
2
4
3
3
3
3
3
3
1
4
4
3
3
3
5
4
4
3
3
3
3
3
3
3
3
3
4
3
3
4
4
3
4
4
4
3
2
3
3
3
3
4
3
4
3
2
3
4
3
3
2
3
3
3
2
2
3
3
3
3
3
4
3
3
4
4
3
3
3
3
3
3
3
3
3
4
3
3
3
-1
3
3
3
3
2
3
3
3
3
4
3
4
3
4
4
2
4
3
3
4
4
3
3
4
4
3
3
3
3
2
3
4
4
2
3
3
3
3
3
4
4
3
3
3
3
3
3
3
3
3
3
3
4
3
3
3
3
4
4
3
3
4
4
4
3
4
3
3
4
2
3
5
3
3
0
3
2
4
4
-1
4
3
4
5
4
3
3
4
4
3
4
3
5
3
4
2
3
3
3
2
3
3
3
3
3
3
3
3
3
3
4
2
2
3
3
2
3
3
3
3
3
4
3
4
3
4
4
2
3
3
3
2
4
3
4
4
3
3
3
3
4
2
3
3
3
3
3
3
4
3
3
3
3
4
3
3
3
3
3
4
3
3
3
3
2
2
3
3
3
3
3
3
3
4
2
3
3
3
3
3
3
3
4
3
3
3
3
4
3
1
3
2
4
3
3
3
3
2
3
4
2
4
3
3
4
3
3
3
2
3
3
4
3
2
3
3
3
5
3
4
3
3
2
2
3
3
4
4
3
3
4
4
4
4
3
3
2
3
3
3
3
4
3
4
3
3
3
3
3
4
4
4
4
3
3
4
3
3
4
3
3
3
3
4
4
4
3
2
4
3
3
3
3
3
4
2
4
4
3
5
4
3
3
3
3
4
4
2
3
3
4
3
3
3
3
3
4
4
4
2
3
4
4
2
3
4
3
5
4
4
4
3
4
4
3
4
4
4
3
4
3
4
3
3
3
4
4
3
-1
4
3
4
4
3
4
3
4
-1
3
-1
4
3
3
4
4
1
3
2
3
3
3
4
4
2
2
3
4
3
3
4
3
4
3
2
3
2
4
3
3
4
3
4
4
4
3
3
-1
3
3
3
3
2
3
3
3
2
2
3
4
3
2
3
3
3
3
3
3
3
3
4
4
4
3
4
3
4
3
-1
4
3
3
3
3
4
2
4
4
2
2
3
3
4
3
3
3
4
4
4
3
4
3
3
3
4
3
3
4
3
2
3
3
4
4
4
3
4
3
3
4
4
5
4
4
3
4
3
3
2
4
4
3
5
4
4
4
4
3
5
4
4
3
3
3
3
3
3
4
1
3
3
4
3
3
2
3
3
3
3
2
4
3
4
4
4
3
3
4
4
3
4
4
4
3
4
3
4
2
4
3
3
2
4
3
4
3
4
2
3
4
2
4
4
4
4
4
4
3
3
4
4
3
4
-1
4
3
4
4
4
3
4
4
4
3
3
3
3
2
3
3
3
3
3
4
3
4
4
3
4
3
3
4
3
4
4
2
4
3
3
3
4
3
4
2
4
4
3
4
3
4
4
5
4
3
3
3
5
4
3
4
5
3
2
5
5
5
3

