vertex num: 1157828
edge num: 2987624
Zero outgoing vertex percentage is 0.0198112
in degree distribution: 
0 22938
1 602539
2 182237
3 92860
4 55876
5 36733
6 26149
7 19340
8 15372
9 12020
10 9600
11 7889
12 6625
13 5513
14 4790
15 4175
16 3554
17 3147
18 2746
19 2502
20 2285
21 2076
22 1887
23 1700
24 1555
25 1507
26 1291
27 1256
28 1077
29 1072
30 954
31 891
32 818
33 823
34 756
35 737
36 640
37 640
38 535
39 583
40 472
41 535
42 473
43 449
44 431
45 379
46 396
47 377
48 364
49 328
50 321
51 342
52 287
53 282
54 266
55 244
56 270
57 293
58 250
59 243
60 232
61 257
62 222
63 190
64 200
65 203
66 188
67 163
68 168
69 154
70 168
71 152
72 152
73 161
74 142
75 141
76 124
77 124
78 120
79 148
80 121
81 117
82 125
83 124
84 103
85 93
86 103
87 93
88 102
89 80
90 84
91 66
92 109
93 77
94 103
95 74
96 85
97 78
98 86
99 85
100 103
101 84
102 60
103 69
104 72
105 71
106 64
107 57
108 60
109 60
110 56
111 53
112 50
113 42
114 53
115 55
116 56
117 54
118 67
119 43
120 58
121 42
122 40
123 39
124 60
125 36
126 35
127 30
128 35
129 48
130 43
131 42
132 38
133 31
134 38
135 38
136 32
137 23
138 33
139 33
140 31
141 42
142 34
143 30
144 36
145 44
146 37
147 27
148 31
149 33
150 31
151 30
152 28
153 23
154 27
155 24
156 24
157 18
158 25
159 31
160 30
161 23
162 29
163 21
164 25
165 21
166 26
167 25
168 25
169 29
170 20
171 26
172 30
173 15
174 14
175 19
176 31
177 31
178 19
179 20
180 17
181 20
182 19
183 22
184 23
185 13
186 21
187 21
188 19
189 20
190 21
191 16
192 15
193 19
194 22
195 13
196 20
197 20
198 12
199 13
200 13
201 11
202 19
203 17
204 11
205 12
206 13
207 21
208 18
209 17
210 9
211 21
212 16
213 12
214 11
215 14
216 12
217 13
218 17
219 11
220 20
221 20
222 16
223 16
224 13
225 12
226 10
227 7
228 13
229 10
230 19
231 10
232 17
233 6
234 8
235 12
236 7
237 11
238 11
239 11
240 10
241 15
242 9
243 13
244 6
245 8
246 10
247 13
248 5
249 4
250 9
251 13
252 11
253 3
254 11
255 5
256 11
257 15
258 15
259 9
260 4
261 12
262 5
263 15
264 14
265 10
266 12
267 10
268 11
269 4
270 12
271 10
272 6
273 10
274 9
275 8
276 13
277 6
278 4
279 12
280 7
281 5
282 7
283 6
284 4
285 8
286 7
287 6
288 4
289 3
290 11
291 6
292 10
293 6
294 6
295 9
296 9
297 10
298 11
299 11
300 5
301 4
302 5
303 5
304 2
305 6
306 6
307 9
308 4
309 7
310 6
311 8
312 9
313 6
314 7
315 3
316 9
317 2
318 7
319 6
320 9
321 5
322 2
323 3
324 6
325 3
326 3
327 8
328 4
329 3
330 5
331 2
332 8
333 5
334 4
335 6
336 4
337 7
338 4
339 4
340 7
341 4
342 4
344 6
345 5
346 2
347 7
348 2
349 2
350 5
351 4
352 7
353 7
354 1
355 5
356 4
357 2
358 3
359 3
360 6
361 4
362 5
363 2
364 2
365 3
366 4
367 2
368 5
369 5
370 2
371 6
372 4
373 4
374 5
375 5
376 4
377 3
378 3
379 4
380 3
381 6
382 2
383 3
384 3
385 3
386 1
387 2
388 5
389 1
390 5
391 1
392 3
393 5
394 1
395 3
396 4
398 1
399 2
400 4
401 2
402 3
403 9
404 1
405 5
406 2
407 3
408 2
409 2
410 1
411 3
412 3
413 2
414 4
415 1
416 2
417 2
418 3
419 2
420 5
421 2
422 1
423 3
424 4
425 2
427 4
428 3
429 2
430 2
431 6
432 3
433 3
434 4
435 2
437 2
438 5
439 2
440 2
441 4
442 3
443 4
445 3
446 5
447 3
448 4
449 3
450 3
452 1
453 5
454 1
455 3
456 2
457 2
458 2
459 1
460 3
461 2
462 6
463 6
464 1
465 3
466 4
468 5
469 1
470 2
471 2
472 4
473 4
474 3
475 1
476 3
477 2
478 2
480 2
483 2
484 2
485 2
486 3
488 1
489 2
490 2
491 2
492 2
493 1
494 4
495 3
497 2
499 4
500 6
501 4
502 1
503 4
504 2
505 1
506 2
508 3
510 1
511 2
512 1
513 1
514 3
515 3
516 2
517 2
518 1
519 1
520 2
521 1
522 2
523 1
524 2
525 2
526 2
528 1
529 1
530 2
531 2
532 1
533 1
534 1
535 1
536 3
537 2
538 3
539 1
540 2
541 1
542 2
543 1
545 2
546 3
547 1
548 1
549 2
550 3
551 1
552 5
553 3
554 1
555 1
556 1
557 2
558 1
560 1
563 4
567 1
568 2
569 3
571 2
572 1
573 2
574 1
575 1
576 1
577 2
579 1
581 1
582 2
583 1
584 2
585 1
586 1
588 2
591 1
592 1
595 1
596 2
597 2
598 2
601 2
602 3
603 1
604 1
605 1
607 1
609 1
610 1
611 1
612 1
614 4
615 1
617 1
618 3
620 2
624 1
625 1
626 2
627 1
628 1
629 2
632 1
633 2
634 2
636 1
640 1
643 3
644 2
646 2
648 1
649 1
650 1
651 1
652 1
654 1
656 1
657 1
658 1
659 2
660 2
661 1
662 1
663 1
667 3
668 2
671 1
672 2
673 1
674 1
676 1
678 1
680 1
681 1
682 1
684 2
685 3
686 1
688 1
689 3
690 1
692 1
697 1
699 1
702 1
704 1
705 2
706 1
707 2
709 1
710 2
713 1
715 1
716 3
717 1
718 1
719 1
720 1
721 2
725 3
726 1
729 1
730 2
731 1
732 2
736 1
737 1
739 1
741 1
743 1
744 1
747 1
748 3
749 2
751 3
753 1
754 2
755 3
756 1
760 1
761 1
763 1
764 1
765 1
766 1
768 1
771 1
772 1
776 1
778 1
781 2
784 2
785 1
788 1
790 1
793 1
794 3
795 1
803 1
804 3
808 1
812 1
814 1
815 1
817 2
819 1
820 1
821 2
824 1
825 1
833 1
834 1
836 1
838 1
839 1
841 1
844 1
845 1
847 1
848 1
850 1
852 1
853 1
854 1
855 1
856 2
858 1
860 1
862 1
864 1
866 1
869 1
870 1
871 2
872 1
873 1
874 1
877 1
882 1
883 1
887 1
889 1
892 1
894 1
897 1
899 1
916 1
918 1
922 1
924 1
925 1
926 1
928 2
932 1
933 1
947 1
948 1
953 2
957 1
964 1
967 1
969 1
971 1
972 2
973 2
980 1
981 1
987 1
988 1
990 1
996 1
1000 2
1003 1
1004 1
1007 1
1008 2
1012 2
1013 2
1015 1
1018 1
1019 1
1020 1
1022 1
1023 1
1024 1
1033 1
1037 1
1040 1
1043 1
1045 1
1046 1
1058 2
1059 1
1060 1
1061 1
1064 2
1079 1
1085 1
1086 1
1089 1
1095 1
1097 1
1098 1
1101 1
1103 1
1104 1
1107 1
1108 1
1113 1
1116 1
1130 1
1131 1
1132 2
1144 1
1145 1
1150 1
1152 1
1157 1
1158 1
1161 1
1163 1
1172 1
1174 1
1178 1
1183 1
1198 1
1208 1
1212 1
1229 1
1230 1
1239 1
1244 1
1246 1
1251 1
1254 1
1258 1
1276 1
1278 1
1282 1
1283 1
1287 1
1288 1
1297 1
1310 1
1315 1
1321 1
1333 1
1337 1
1341 1
1350 1
1365 1
1369 1
1379 1
1392 1
1406 2
1407 1
1416 1
1419 1
1421 1
1427 1
1436 1
1442 1
1455 1
1459 1
1478 1
1480 1
1481 1
1486 2
1491 1
1495 1
1511 1
1532 1
1533 1
1558 1
1565 1
1571 1
1582 1
1583 1
1586 1
1588 1
1589 1
1594 1
1622 1
1630 1
1648 1
1651 1
1666 1
1707 1
1718 1
1729 3
1730 1
1761 1
1762 1
1771 1
1808 1
1815 2
1816 1
1823 1
1841 1
1853 1
1860 1
1869 1
1883 1
1884 1
1898 1
1903 1
1924 1
1945 1
1951 1
1959 1
1965 1
1971 1
1992 1
2015 1
2020 1
2058 1
2067 1
2077 1
2083 1
2088 1
2094 1
2100 1
2113 1
2126 1
2128 1
2135 1
2161 1
2164 1
2188 1
2197 1
2199 1
2202 1
2204 1
2211 1
2217 1
2252 1
2257 1
2263 1
2325 1
2334 1
2355 1
2374 1
2378 1
2380 1
2400 1
2444 1
2464 1
2488 1
2504 1
2535 1
2591 1
2628 1
2634 1
2720 1
2742 1
2753 1
2763 1
2799 1
2800 1
2818 1
2830 1
2837 1
2866 2
2924 1
2956 1
2992 1
3024 1
3035 1
3100 1
3114 1
3160 1
3394 1
3506 1
3621 1
3707 1
4044 1
4217 1
4253 1
4352 1
4364 1
4422 1
4877 1
4899 1
5393 1
6102 1
7917 1
8843 1
9762 1
10461 1
11281 1
14641 1
28754 1
out degree distribution: 
0 22938
1 602539
2 182237
3 92860
4 55876
5 36733
6 26149
7 19340
8 15372
9 12020
10 9600
11 7889
12 6625
13 5513
14 4790
15 4175
16 3554
17 3147
18 2746
19 2502
20 2285
21 2076
22 1887
23 1700
24 1555
25 1507
26 1291
27 1256
28 1077
29 1072
30 954
31 891
32 818
33 823
34 756
35 737
36 640
37 640
38 535
39 583
40 472
41 535
42 473
43 449
44 431
45 379
46 396
47 377
48 364
49 328
50 321
51 342
52 287
53 282
54 266
55 244
56 270
57 293
58 250
59 243
60 232
61 257
62 222
63 190
64 200
65 203
66 188
67 163
68 168
69 154
70 168
71 152
72 152
73 161
74 142
75 141
76 124
77 124
78 120
79 148
80 121
81 117
82 125
83 124
84 103
85 93
86 103
87 93
88 102
89 80
90 84
91 66
92 109
93 77
94 103
95 74
96 85
97 78
98 86
99 85
100 103
101 84
102 60
103 69
104 72
105 71
106 64
107 57
108 60
109 60
110 56
111 53
112 50
113 42
114 53
115 55
116 56
117 54
118 67
119 43
120 58
121 42
122 40
123 39
124 60
125 36
126 35
127 30
128 35
129 48
130 43
131 42
132 38
133 31
134 38
135 38
136 32
137 23
138 33
139 33
140 31
141 42
142 34
143 30
144 36
145 44
146 37
147 27
148 31
149 33
150 31
151 30
152 28
153 23
154 27
155 24
156 24
157 18
158 25
159 31
160 30
161 23
162 29
163 21
164 25
165 21
166 26
167 25
168 25
169 29
170 20
171 26
172 30
173 15
174 14
175 19
176 31
177 31
178 19
179 20
180 17
181 20
182 19
183 22
184 23
185 13
186 21
187 21
188 19
189 20
190 21
191 16
192 15
193 19
194 22
195 13
196 20
197 20
198 12
199 13
200 13
201 11
202 19
203 17
204 11
205 12
206 13
207 21
208 18
209 17
210 9
211 21
212 16
213 12
214 11
215 14
216 12
217 13
218 17
219 11
220 20
221 20
222 16
223 16
224 13
225 12
226 10
227 7
228 13
229 10
230 19
231 10
232 17
233 6
234 8
235 12
236 7
237 11
238 11
239 11
240 10
241 15
242 9
243 13
244 6
245 8
246 10
247 13
248 5
249 4
250 9
251 13
252 11
253 3
254 11
255 5
256 11
257 15
258 15
259 9
260 4
261 12
262 5
263 15
264 14
265 10
266 12
267 10
268 11
269 4
270 12
271 10
272 6
273 10
274 9
275 8
276 13
277 6
278 4
279 12
280 7
281 5
282 7
283 6
284 4
285 8
286 7
287 6
288 4
289 3
290 11
291 6
292 10
293 6
294 6
295 9
296 9
297 10
298 11
299 11
300 5
301 4
302 5
303 5
304 2
305 6
306 6
307 9
308 4
309 7
310 6
311 8
312 9
313 6
314 7
315 3
316 9
317 2
318 7
319 6
320 9
321 5
322 2
323 3
324 6
325 3
326 3
327 8
328 4
329 3
330 5
331 2
332 8
333 5
334 4
335 6
336 4
337 7
338 4
339 4
340 7
341 4
342 4
344 6
345 5
346 2
347 7
348 2
349 2
350 5
351 4
352 7
353 7
354 1
355 5
356 4
357 2
358 3
359 3
360 6
361 4
362 5
363 2
364 2
365 3
366 4
367 2
368 5
369 5
370 2
371 6
372 4
373 4
374 5
375 5
376 4
377 3
378 3
379 4
380 3
381 6
382 2
383 3
384 3
385 3
386 1
387 2
388 5
389 1
390 5
391 1
392 3
393 5
394 1
395 3
396 4
398 1
399 2
400 4
401 2
402 3
403 9
404 1
405 5
406 2
407 3
408 2
409 2
410 1
411 3
412 3
413 2
414 4
415 1
416 2
417 2
418 3
419 2
420 5
421 2
422 1
423 3
424 4
425 2
427 4
428 3
429 2
430 2
431 6
432 3
433 3
434 4
435 2
437 2
438 5
439 2
440 2
441 4
442 3
443 4
445 3
446 5
447 3
448 4
449 3
450 3
452 1
453 5
454 1
455 3
456 2
457 2
458 2
459 1
460 3
461 2
462 6
463 6
464 1
465 3
466 4
468 5
469 1
470 2
471 2
472 4
473 4
474 3
475 1
476 3
477 2
478 2
480 2
483 2
484 2
485 2
486 3
488 1
489 2
490 2
491 2
492 2
493 1
494 4
495 3
497 2
499 4
500 6
501 4
502 1
503 4
504 2
505 1
506 2
508 3
510 1
511 2
512 1
513 1
514 3
515 3
516 2
517 2
518 1
519 1
520 2
521 1
522 2
523 1
524 2
525 2
526 2
528 1
529 1
530 2
531 2
532 1
533 1
534 1
535 1
536 3
537 2
538 3
539 1
540 2
541 1
542 2
543 1
545 2
546 3
547 1
548 1
549 2
550 3
551 1
552 5
553 3
554 1
555 1
556 1
557 2
558 1
560 1
563 4
567 1
568 2
569 3
571 2
572 1
573 2
574 1
575 1
576 1
577 2
579 1
581 1
582 2
583 1
584 2
585 1
586 1
588 2
591 1
592 1
595 1
596 2
597 2
598 2
601 2
602 3
603 1
604 1
605 1
607 1
609 1
610 1
611 1
612 1
614 4
615 1
617 1
618 3
620 2
624 1
625 1
626 2
627 1
628 1
629 2
632 1
633 2
634 2
636 1
640 1
643 3
644 2
646 2
648 1
649 1
650 1
651 1
652 1
654 1
656 1
657 1
658 1
659 2
660 2
661 1
662 1
663 1
667 3
668 2
671 1
672 2
673 1
674 1
676 1
678 1
680 1
681 1
682 1
684 2
685 3
686 1
688 1
689 3
690 1
692 1
697 1
699 1
702 1
704 1
705 2
706 1
707 2
709 1
710 2
713 1
715 1
716 3
717 1
718 1
719 1
720 1
721 2
725 3
726 1
729 1
730 2
731 1
732 2
736 1
737 1
739 1
741 1
743 1
744 1
747 1
748 3
749 2
751 3
753 1
754 2
755 3
756 1
760 1
761 1
763 1
764 1
765 1
766 1
768 1
771 1
772 1
776 1
778 1
781 2
784 2
785 1
788 1
790 1
793 1
794 3
795 1
803 1
804 3
808 1
812 1
814 1
815 1
817 2
819 1
820 1
821 2
824 1
825 1
833 1
834 1
836 1
838 1
839 1
841 1
844 1
845 1
847 1
848 1
850 1
852 1
853 1
854 1
855 1
856 2
858 1
860 1
862 1
864 1
866 1
869 1
870 1
871 2
872 1
873 1
874 1
877 1
882 1
883 1
887 1
889 1
892 1
894 1
897 1
899 1
916 1
918 1
922 1
924 1
925 1
926 1
928 2
932 1
933 1
947 1
948 1
953 2
957 1
964 1
967 1
969 1
971 1
972 2
973 2
980 1
981 1
987 1
988 1
990 1
996 1
1000 2
1003 1
1004 1
1007 1
1008 2
1012 2
1013 2
1015 1
1018 1
1019 1
1020 1
1022 1
1023 1
1024 1
1033 1
1037 1
1040 1
1043 1
1045 1
1046 1
1058 2
1059 1
1060 1
1061 1
1064 2
1079 1
1085 1
1086 1
1089 1
1095 1
1097 1
1098 1
1101 1
1103 1
1104 1
1107 1
1108 1
1113 1
1116 1
1130 1
1131 1
1132 2
1144 1
1145 1
1150 1
1152 1
1157 1
1158 1
1161 1
1163 1
1172 1
1174 1
1178 1
1183 1
1198 1
1208 1
1212 1
1229 1
1230 1
1239 1
1244 1
1246 1
1251 1
1254 1
1258 1
1276 1
1278 1
1282 1
1283 1
1287 1
1288 1
1297 1
1310 1
1315 1
1321 1
1333 1
1337 1
1341 1
1350 1
1365 1
1369 1
1379 1
1392 1
1406 2
1407 1
1416 1
1419 1
1421 1
1427 1
1436 1
1442 1
1455 1
1459 1
1478 1
1480 1
1481 1
1486 2
1491 1
1495 1
1511 1
1532 1
1533 1
1558 1
1565 1
1571 1
1582 1
1583 1
1586 1
1588 1
1589 1
1594 1
1622 1
1630 1
1648 1
1651 1
1666 1
1707 1
1718 1
1729 3
1730 1
1761 1
1762 1
1771 1
1808 1
1815 2
1816 1
1823 1
1841 1
1853 1
1860 1
1869 1
1883 1
1884 1
1898 1
1903 1
1924 1
1945 1
1951 1
1959 1
1965 1
1971 1
1992 1
2015 1
2020 1
2058 1
2067 1
2077 1
2083 1
2088 1
2094 1
2100 1
2113 1
2126 1
2128 1
2135 1
2161 1
2164 1
2188 1
2197 1
2199 1
2202 1
2204 1
2211 1
2217 1
2252 1
2257 1
2263 1
2325 1
2334 1
2355 1
2374 1
2378 1
2380 1
2400 1
2444 1
2464 1
2488 1
2504 1
2535 1
2591 1
2628 1
2634 1
2720 1
2742 1
2753 1
2763 1
2799 1
2800 1
2818 1
2830 1
2837 1
2866 2
2924 1
2956 1
2992 1
3024 1
3035 1
3100 1
3114 1
3160 1
3394 1
3506 1
3621 1
3707 1
4044 1
4217 1
4253 1
4352 1
4364 1
4422 1
4877 1
4899 1
5393 1
6102 1
7917 1
8843 1
9762 1
10461 1
11281 1
14641 1
28754 1
read/write bytes 38955360 5674445
frontier distribution: 
1 1 90 2452 152495 575267 292292 83348 21389 5515 1523 366 86 29 25 11 
read/write bytes 38955360 5674445
frontier distribution: 
1 1 12 184 35467 355074 524274 162443 42653 11010 2731 797 167 38 27 11 
read/write bytes 38955360 5674445
frontier distribution: 
1 1 1 79 15384 356283 513859 184886 48040 12235 2984 880 156 59 21 18 3 
read/write bytes 38955360 5674445
frontier distribution: 
1 1 11 1 58 668 134211 522723 348853 96206 23943 6064 1599 400 99 30 19 3 
read/write bytes 38955360 5674445
frontier distribution: 
1 1 5 5343 140361 603666 280959 78237 19455 5091 1302 348 76 31 13 1 
read/write bytes 38955360 5674445
frontier distribution: 
1 2 163 43202 374423 511474 152569 39557 10093 2475 721 142 31 26 11 
read/write bytes 38955360 5674445
frontier distribution: 
1 1 11 22976 365559 508441 175845 46094 11927 2931 857 147 59 20 18 3 
read/write bytes 38955360 5674445
frontier distribution: 
1 3 1 151 21557 412207 480669 163869 42142 10668 2647 746 146 56 14 10 3 
read/write bytes 38955360 5674445
frontier distribution: 
1 1 117 44831 404751 485168 148059 38484 10087 2480 696 140 37 27 11 
read/write bytes 38955360 5674445
frontier distribution: 
1 1 15 244 82786 484846 412963 114953 29153 7357 1856 538 109 30 27 11 
BFS rum time: 0.136634 seconds.
