vertex num: 4847571
edge num: 68993773
Zero outgoing vertex percentage is 0.111214
in degree distribution: 
0 358331
1 1014392
2 553207
3 359549
4 264944
5 208763
6 171471
7 144484
8 124284
9 109053
10 96523
11 86291
12 77589
13 71142
14 64162
15 59672
16 54981
17 50802
18 46915
19 43317
20 40490
21 37811
22 35041
23 33338
24 31037
25 29126
26 27510
27 25936
28 24537
29 22927
30 21587
31 20816
32 19634
33 18424
34 17750
35 16654
36 15896
37 15156
38 14325
39 13771
40 13111
41 12317
42 11941
43 11389
44 10955
45 10525
46 10123
47 9661
48 9456
49 8836
50 8492
51 8122
52 7744
53 7670
54 7272
55 7050
56 6812
57 6379
58 6281
59 5870
60 5697
61 5450
62 5314
63 5191
64 5012
65 4782
66 4729
67 4500
68 4329
69 4223
70 4104
71 3879
72 3743
73 3710
74 3604
75 3502
76 3437
77 3225
78 3134
79 3048
80 3015
81 2829
82 2820
83 2734
84 2633
85 2542
86 2462
87 2491
88 2326
89 2272
90 2241
91 2184
92 2108
93 2008
94 1945
95 1937
96 1849
97 1871
98 1755
99 1764
100 1809
101 1723
102 1661
103 1576
104 1548
105 1499
106 1429
107 1414
108 1353
109 1345
110 1323
111 1255
112 1295
113 1240
114 1255
115 1075
116 1145
117 1184
118 1057
119 1021
120 993
121 1017
122 1018
123 943
124 935
125 939
126 906
127 881
128 899
129 843
130 899
131 762
132 772
133 788
134 806
135 770
136 762
137 760
138 728
139 678
140 666
141 655
142 703
143 703
144 624
145 653
146 601
147 584
148 601
149 581
150 575
151 546
152 554
153 565
154 534
155 537
156 497
157 475
158 476
159 471
160 476
161 473
162 465
163 421
164 435
165 483
166 397
167 387
168 476
169 426
170 410
171 406
172 377
173 361
174 356
175 391
176 391
177 387
178 360
179 339
180 355
181 315
182 323
183 303
184 323
185 360
186 339
187 308
188 307
189 298
190 295
191 264
192 292
193 271
194 274
195 287
196 274
197 274
198 235
199 281
200 232
201 215
202 252
203 243
204 242
205 243
206 234
207 219
208 245
209 216
210 214
211 239
212 218
213 230
214 201
215 196
216 196
217 204
218 195
219 196
220 205
221 195
222 176
223 203
224 187
225 214
226 180
227 189
228 152
229 153
230 188
231 167
232 141
233 156
234 174
235 156
236 148
237 163
238 147
239 163
240 176
241 143
242 150
243 164
244 145
245 166
246 128
247 149
248 153
249 140
250 122
251 131
252 124
253 142
254 103
255 124
256 108
257 100
258 118
259 121
260 97
261 118
262 107
263 110
264 104
265 103
266 113
267 112
268 93
269 95
270 117
271 97
272 89
273 96
274 121
275 98
276 105
277 97
278 104
279 99
280 94
281 91
282 195
283 106
284 125
285 94
286 83
287 80
288 81
289 87
290 96
291 70
292 88
293 88
294 83
295 89
296 90
297 83
298 83
299 97
300 75
301 86
302 82
303 74
304 68
305 60
306 76
307 66
308 61
309 63
310 70
311 81
312 72
313 61
314 66
315 62
316 59
317 74
318 62
319 74
320 55
321 70
322 69
323 66
324 63
325 67
326 65
327 67
328 71
329 60
330 61
331 58
332 48
333 58
334 49
335 49
336 56
337 61
338 54
339 46
340 59
341 53
342 49
343 58
344 51
345 47
346 41
347 54
348 56
349 37
350 42
351 46
352 45
353 37
354 51
355 40
356 47
357 47
358 44
359 35
360 41
361 49
362 30
363 37
364 49
365 46
366 31
367 49
368 30
369 52
370 42
371 34
372 28
373 34
374 42
375 39
376 51
377 49
378 39
379 33
380 40
381 41
382 30
383 52
384 32
385 40
386 36
387 37
388 40
389 29
390 40
391 30
392 40
393 28
394 30
395 28
396 42
397 37
398 28
399 30
400 31
401 37
402 29
403 31
404 30
405 39
406 29
407 33
408 33
409 29
410 23
411 16
412 28
413 23
414 25
415 23
416 21
417 29
418 25
419 30
420 33
421 29
422 21
423 27
424 28
425 29
426 22
427 24
428 24
429 20
430 21
431 29
432 15
433 24
434 31
435 29
436 26
437 20
438 23
439 34
440 23
441 33
442 35
443 23
444 28
445 18
446 22
447 20
448 15
449 29
450 20
451 21
452 18
453 15
454 21
455 20
456 18
457 22
458 18
459 23
460 19
461 21
462 12
463 31
464 20
465 26
466 25
467 15
468 25
469 19
470 15
471 21
472 21
473 13
474 17
475 20
476 15
477 17
478 18
479 23
480 17
481 17
482 21
483 24
484 32
485 15
486 11
487 17
488 10
489 27
490 17
491 13
492 22
493 10
494 17
495 19
496 23
497 13
498 8
499 18
500 16
501 15
502 6
503 14
504 18
505 18
506 15
507 13
508 17
509 15
510 15
511 12
512 17
513 15
514 11
515 15
516 9
517 8
518 17
519 20
520 10
521 13
522 18
523 16
524 18
525 15
526 18
527 15
528 12
529 14
530 18
531 14
532 15
533 15
534 15
535 5
536 6
537 13
538 5
539 18
540 10
541 15
542 10
543 8
544 19
545 12
546 14
547 10
548 14
549 11
550 11
551 11
552 13
553 13
554 8
555 12
556 12
557 13
558 19
559 8
560 9
561 13
562 9
563 6
564 12
565 14
566 12
567 8
568 6
569 13
570 14
571 9
572 9
573 5
574 10
575 18
576 5
577 9
578 12
579 9
580 15
581 13
582 5
583 9
584 9
585 9
586 12
587 7
588 7
589 7
590 10
591 10
592 11
593 15
594 13
595 12
596 12
597 5
598 8
599 8
600 9
601 7
602 7
603 10
604 9
605 8
606 9
607 3
608 9
609 12
610 9
611 6
612 5
613 8
614 10
615 5
616 9
617 13
618 10
619 7
620 7
621 7
622 11
623 4
624 8
625 5
626 4
627 2
628 9
629 12
630 14
631 6
632 6
633 3
634 6
635 3
636 8
637 8
638 4
639 5
640 10
641 5
642 6
643 6
644 8
645 3
646 8
647 7
648 10
649 6
650 7
651 8
652 4
653 7
654 4
655 7
656 6
657 7
658 5
659 8
660 7
661 12
662 7
663 11
664 4
665 4
666 11
667 6
668 8
669 2
670 2
671 6
672 4
673 4
674 4
675 7
676 5
677 6
678 7
679 7
680 4
681 3
682 5
683 3
684 4
685 2
686 3
687 4
688 7
689 5
690 5
691 8
692 5
693 6
694 4
695 5
696 10
697 1
698 9
699 9
700 3
701 4
702 3
703 10
704 7
705 5
706 3
707 3
708 8
709 7
710 3
711 3
712 9
713 4
714 8
715 4
716 5
717 4
718 3
719 5
720 5
721 6
722 7
723 4
724 5
725 5
726 4
727 5
728 7
729 6
730 2
731 2
732 3
733 4
734 1
735 4
736 6
737 2
738 5
739 4
740 3
741 7
742 4
743 4
744 6
745 6
746 2
747 4
748 5
749 5
750 6
751 2
752 4
753 3
755 3
756 1
757 3
758 7
759 3
760 6
761 4
762 4
763 8
764 6
765 7
766 8
767 2
768 1
769 3
770 4
771 4
772 4
773 2
774 5
775 1
776 8
777 6
778 2
779 3
780 4
781 2
782 4
783 2
784 3
785 3
786 5
787 3
788 2
789 2
790 4
791 2
792 4
793 2
794 8
795 1
796 2
797 3
798 1
799 2
800 1
801 4
802 1
803 4
804 4
805 4
806 1
808 4
809 3
810 1
811 3
812 12
813 2
814 4
815 1
816 1
817 7
818 5
819 6
820 3
821 4
822 2
823 2
824 5
825 3
826 6
827 3
828 6
829 3
830 7
831 3
832 1
833 2
834 7
835 5
836 3
837 4
838 3
839 3
840 4
841 3
842 3
843 2
844 5
845 3
846 3
847 3
848 3
849 1
850 2
851 1
852 4
853 3
854 3
855 4
856 3
857 3
858 6
859 6
860 4
861 4
862 2
863 6
866 4
867 3
868 1
870 3
871 2
873 4
874 3
875 5
876 3
877 1
878 4
879 4
880 5
881 3
882 4
883 2
884 5
885 4
886 3
887 4
888 2
889 4
890 2
891 1
893 1
894 1
895 2
896 3
897 1
898 1
899 2
900 3
901 3
902 2
903 2
904 3
905 2
906 2
907 3
908 4
909 4
910 4
911 1
912 1
913 4
914 5
915 4
918 2
919 1
920 5
921 1
922 1
923 4
924 2
925 3
926 4
927 4
928 1
929 4
930 6
931 2
932 2
933 3
934 2
936 2
937 2
938 4
939 3
940 4
941 3
942 2
943 2
944 3
945 2
946 1
948 3
950 3
951 2
952 1
953 3
955 3
956 1
957 2
958 2
959 1
960 2
962 1
963 1
964 1
965 3
967 3
968 2
969 2
970 1
972 3
973 4
974 3
975 1
976 1
977 1
978 1
979 1
980 2
982 2
983 2
984 3
986 2
987 1
988 1
989 2
991 1
994 1
996 1
997 1
998 3
999 2
1000 2
1001 2
1003 5
1004 1
1005 1
1007 4
1008 2
1009 1
1010 3
1011 2
1012 3
1014 1
1015 1
1016 1
1017 1
1018 1
1019 1
1020 1
1021 1
1022 3
1024 2
1025 2
1026 2
1027 3
1028 3
1029 3
1030 3
1031 4
1033 2
1034 1
1035 2
1036 3
1037 2
1038 1
1039 1
1041 1
1042 2
1044 1
1046 4
1048 1
1049 1
1050 2
1051 1
1052 1
1054 1
1055 1
1056 1
1057 1
1058 2
1060 1
1061 4
1062 1
1066 1
1067 3
1068 2
1069 1
1070 5
1073 4
1074 2
1075 4
1076 1
1077 1
1078 2
1080 1
1081 1
1082 2
1083 1
1084 2
1085 2
1086 2
1088 2
1089 2
1090 2
1093 1
1094 1
1095 1
1097 2
1098 1
1099 1
1100 2
1101 3
1102 1
1104 2
1106 3
1107 1
1108 2
1109 1
1110 1
1112 1
1113 2
1114 3
1115 2
1119 1
1120 1
1121 2
1122 2
1125 1
1126 2
1128 1
1129 1
1131 1
1132 1
1133 1
1134 2
1136 1
1138 1
1139 4
1140 1
1141 1
1142 1
1144 1
1147 1
1148 1
1149 1
1150 3
1152 1
1153 1
1154 2
1158 2
1159 1
1160 1
1161 1
1162 3
1163 3
1166 2
1168 1
1169 2
1170 1
1171 1
1172 1
1173 3
1174 1
1175 1
1177 2
1179 1
1180 1
1181 1
1183 1
1184 1
1186 2
1187 1
1188 1
1189 1
1190 1
1191 2
1192 1
1194 3
1195 3
1196 1
1197 2
1198 1
1200 1
1202 2
1204 2
1205 3
1208 1
1209 1
1210 1
1211 1
1214 1
1215 1
1216 2
1219 1
1220 3
1222 1
1224 2
1225 3
1226 1
1227 1
1230 3
1231 1
1232 1
1233 1
1234 1
1235 2
1236 1
1237 1
1238 1
1240 1
1241 1
1242 2
1243 3
1244 1
1245 2
1249 1
1252 1
1253 1
1255 1
1257 1
1258 1
1259 1
1261 2
1267 1
1270 2
1271 2
1272 2
1273 1
1275 1
1276 1
1277 1
1278 1
1280 1
1281 2
1283 2
1284 2
1287 1
1291 1
1292 1
1298 1
1303 1
1305 4
1308 1
1309 2
1310 1
1311 1
1312 1
1313 1
1314 1
1315 1
1316 3
1323 1
1324 3
1325 1
1326 3
1327 1
1329 1
1331 2
1334 1
1338 1
1340 1
1341 1
1342 1
1343 1
1344 1
1346 3
1349 2
1352 2
1354 1
1356 1
1359 1
1360 1
1361 1
1364 1
1366 1
1367 1
1369 2
1371 1
1372 2
1374 1
1375 1
1376 1
1381 1
1383 2
1385 1
1386 1
1387 1
1391 1
1393 1
1398 3
1399 1
1401 1
1402 1
1403 1
1406 1
1410 1
1411 1
1413 1
1414 1
1420 2
1421 1
1422 1
1423 1
1424 2
1426 3
1427 1
1430 1
1431 2
1432 1
1434 1
1439 1
1440 1
1441 1
1442 1
1445 1
1446 1
1448 1
1451 1
1455 1
1460 1
1463 1
1464 3
1466 1
1467 1
1473 1
1474 1
1477 1
1479 1
1480 1
1486 1
1487 1
1494 1
1498 1
1500 1
1501 1
1502 1
1503 1
1507 1
1512 1
1513 3
1518 1
1519 1
1520 2
1525 2
1527 2
1528 3
1531 1
1536 1
1541 1
1544 1
1545 1
1558 1
1562 1
1575 1
1579 2
1587 1
1589 2
1592 3
1593 1
1602 1
1607 1
1608 2
1614 1
1615 1
1617 1
1619 1
1620 1
1621 1
1625 1
1627 1
1631 2
1635 1
1637 1
1638 1
1639 1
1640 1
1642 2
1644 1
1645 1
1648 1
1650 1
1652 1
1659 1
1662 1
1663 1
1665 1
1676 2
1679 1
1682 1
1685 2
1686 1
1687 1
1690 2
1695 1
1700 1
1710 1
1712 1
1718 1
1728 1
1729 1
1732 1
1738 2
1739 1
1755 1
1761 1
1763 1
1772 1
1776 1
1782 1
1783 1
1806 1
1812 1
1813 2
1825 1
1826 1
1838 1
1842 1
1843 1
1845 1
1851 1
1855 1
1861 1
1869 1
1871 1
1879 1
1881 1
1886 1
1889 1
1892 1
1912 1
1918 1
1929 1
1937 2
1938 1
1942 1
1947 1
1950 1
1952 1
1953 2
1954 1
1959 1
1966 1
1969 1
1988 1
2004 1
2005 1
2016 1
2027 1
2030 1
2036 1
2041 1
2042 1
2050 1
2055 1
2062 1
2071 2
2087 1
2097 2
2109 1
2118 1
2120 1
2138 1
2145 1
2150 1
2153 2
2157 1
2168 1
2170 1
2182 1
2186 1
2204 1
2208 1
2213 1
2231 1
2237 1
2238 1
2247 1
2262 1
2272 1
2286 1
2289 1
2292 1
2293 1
2294 1
2309 1
2353 1
2357 2
2378 1
2389 1
2395 1
2406 1
2413 1
2414 1
2423 1
2429 1
2433 1
2434 1
2436 1
2441 1
2451 1
2452 1
2463 1
2470 1
2476 1
2477 1
2490 1
2491 1
2493 1
2520 1
2531 1
2542 1
2556 1
2558 1
2562 1
2571 1
2586 1
2593 1
2596 1
2614 1
2616 1
2635 1
2680 1
2729 1
2743 1
2751 1
2756 1
2761 1
2764 1
2782 3
2784 1
2788 1
2793 1
2822 1
2831 1
2833 1
2849 1
2857 1
2858 1
2887 1
2888 1
2911 1
2928 1
2953 1
2954 1
2963 1
2976 1
3021 1
3024 1
3025 1
3042 1
3070 1
3088 1
3089 1
3090 1
3106 1
3128 1
3139 2
3166 1
3183 1
3192 1
3283 2
3297 1
3300 1
3316 1
3323 1
3332 1
3400 1
3448 1
3477 1
3480 1
3481 1
3549 1
3573 1
3600 1
3601 1
3621 1
3642 1
3645 1
3682 1
3701 1
3787 1
3877 1
3892 1
3894 1
3899 1
3900 1
3903 1
3941 1
3952 1
3985 1
4031 1
4062 1
4106 1
4283 1
4436 1
4686 1
4725 1
4765 1
4847 1
4918 1
4933 1
4991 1
4997 1
5064 1
5078 1
5270 1
5478 1
6029 1
6031 1
6041 1
6044 1
6308 1
6422 1
6443 1
6940 1
7184 1
7951 1
8645 1
11215 1
11839 1
12422 1
13434 1
13906 1
out degree distribution: 
0 539119
1 916135
2 492924
3 327757
4 249360
5 201622
6 164040
7 139451
8 120790
9 106832
10 94866
11 86230
12 78129
13 71159
14 65385
15 59911
16 55424
17 52163
18 48306
19 45144
20 42273
21 39064
22 36685
23 34297
24 32560
25 30686
26 28715
27 27350
28 26145
29 24406
30 23073
31 22075
32 20867
33 19686
34 18816
35 17801
36 17104
37 16378
38 15529
39 14822
40 14148
41 13605
42 12866
43 11942
44 11568
45 11296
46 10732
47 10383
48 10013
49 9424
50 9299
51 8805
52 8560
53 8114
54 7822
55 7510
56 6961
57 6866
58 6701
59 6467
60 6184
61 5805
62 5652
63 5547
64 5416
65 5060
66 4902
67 4909
68 4588
69 4390
70 4239
71 4096
72 3936
73 3879
74 3708
75 3588
76 3645
77 3469
78 3249
79 3171
80 3078
81 3031
82 2930
83 2916
84 2634
85 2686
86 2511
87 2500
88 2397
89 2432
90 2333
91 2346
92 2115
93 2099
94 2034
95 1927
96 1880
97 1920
98 1809
99 1742
100 1785
101 1699
102 1627
103 1575
104 1504
105 1477
106 1407
107 1434
108 1339
109 1352
110 1306
111 1324
112 1294
113 1217
114 1316
115 1107
116 1191
117 1130
118 1143
119 991
120 1035
121 1028
122 963
123 952
124 955
125 937
126 911
127 924
128 874
129 866
130 846
131 830
132 749
133 771
134 810
135 756
136 748
137 710
138 746
139 678
140 678
141 655
142 622
143 625
144 630
145 608
146 617
147 641
148 551
149 543
150 554
151 541
152 512
153 545
154 549
155 526
156 454
157 502
158 454
159 502
160 518
161 494
162 482
163 480
164 456
165 427
166 419
167 385
168 402
169 401
170 394
171 409
172 400
173 375
174 407
175 393
176 357
177 327
178 351
179 343
180 356
181 333
182 342
183 320
184 326
185 307
186 340
187 285
188 321
189 307
190 310
191 307
192 278
193 312
194 301
195 262
196 258
197 267
198 281
199 260
200 271
201 257
202 246
203 235
204 241
205 245
206 284
207 264
208 236
209 249
210 233
211 246
212 218
213 223
214 203
215 214
216 236
217 217
218 260
219 189
220 191
221 166
222 176
223 186
224 186
225 198
226 171
227 173
228 164
229 177
230 176
231 180
232 162
233 180
234 164
235 165
236 156
237 161
238 140
239 137
240 162
241 153
242 173
243 143
244 165
245 138
246 135
247 139
248 129
249 128
250 134
251 111
252 133
253 128
254 127
255 104
256 107
257 101
258 119
259 94
260 117
261 106
262 103
263 106
264 92
265 115
266 115
267 85
268 93
269 74
270 166
271 97
272 90
273 95
274 87
275 72
276 78
277 102
278 96
279 94
280 82
281 251
282 97
283 90
284 80
285 94
286 93
287 103
288 113
289 95
290 82
291 94
292 78
293 83
294 88
295 115
296 133
297 76
298 82
299 84
300 65
301 56
302 78
303 73
304 77
305 79
306 80
307 95
308 136
309 95
310 83
311 68
312 91
313 72
314 78
315 63
316 48
317 69
318 52
319 66
320 59
321 71
322 50
323 52
324 56
325 59
326 54
327 47
328 59
329 58
330 49
331 62
332 69
333 52
334 61
335 53
336 41
337 44
338 43
339 64
340 43
341 56
342 62
343 49
344 39
345 40
346 50
347 56
348 52
349 56
350 39
351 45
352 46
353 57
354 50
355 55
356 53
357 41
358 36
359 48
360 36
361 47
362 38
363 27
364 39
365 48
366 38
367 44
368 40
369 55
370 47
371 52
372 36
373 37
374 39
375 39
376 37
377 33
378 35
379 37
380 36
381 32
382 36
383 29
384 29
385 26
386 39
387 25
388 46
389 34
390 22
391 32
392 37
393 26
394 41
395 43
396 21
397 46
398 33
399 38
400 30
401 27
402 18
403 29
404 31
405 27
406 21
407 30
408 16
409 22
410 33
411 22
412 27
413 14
414 27
415 24
416 27
417 26
418 27
419 27
420 20
421 40
422 25
423 33
424 28
425 20
426 21
427 26
428 23
429 22
430 16
431 24
432 22
433 22
434 19
435 21
436 23
437 18
438 23
439 20
440 29
441 30
442 12
443 16
444 21
445 24
446 19
447 18
448 14
449 24
450 22
451 22
452 24
453 27
454 25
455 22
456 33
457 17
458 23
459 23
460 27
461 19
462 29
463 26
464 26
465 26
466 15
467 23
468 19
469 16
470 23
471 21
472 29
473 21
474 23
475 17
476 27
477 9
478 24
479 22
480 21
481 10
482 26
483 16
484 22
485 16
486 10
487 10
488 18
489 23
490 14
491 19
492 17
493 23
494 17
495 18
496 14
497 7
498 16
499 12
500 14
501 13
502 15
503 13
504 12
505 8
506 13
507 14
508 13
509 9
510 13
511 13
512 10
513 11
514 10
515 15
516 8
517 17
518 14
519 12
520 11
521 8
522 13
523 8
524 12
525 11
526 17
527 14
528 8
529 19
530 19
531 17
532 19
533 18
534 9
535 13
536 13
537 10
538 5
539 10
540 16
541 10
542 10
543 13
544 9
545 5
546 10
547 16
548 9
549 6
550 14
551 9
552 14
553 5
554 8
555 15
556 10
557 8
558 16
559 10
560 7
561 12
562 6
563 9
564 11
565 13
566 8
567 5
568 9
569 13
570 8
571 12
572 4
573 10
574 15
575 10
576 11
577 13
578 10
579 7
580 3
581 8
582 9
583 11
584 9
585 7
586 12
587 13
588 7
589 5
590 10
591 8
592 14
593 4
594 8
595 13
596 4
597 5
598 8
599 5
600 8
601 8
602 7
603 9
604 14
605 5
606 8
607 5
608 9
609 11
610 8
611 11
612 6
613 7
614 12
615 8
616 10
617 7
618 8
619 14
620 12
621 3
622 8
623 6
624 5
625 13
626 2
627 14
628 8
629 9
630 11
631 12
632 13
633 6
634 5
635 9
636 8
637 4
638 11
639 8
640 12
641 8
642 12
643 5
644 12
645 10
646 18
647 10
648 10
649 9
650 7
651 12
652 6
653 18
654 6
655 14
656 6
657 9
658 12
659 5
660 12
661 13
662 12
663 13
664 7
665 7
666 12
667 12
668 13
669 11
670 11
671 11
672 5
673 9
674 13
675 10
676 12
677 9
678 9
679 11
680 9
681 9
682 6
683 6
684 8
685 16
686 12
687 16
688 9
689 7
690 13
691 9
692 13
693 13
694 5
695 9
696 13
697 10
698 8
699 19
700 8
701 5
702 10
703 10
704 14
705 12
706 5
707 10
708 12
709 10
710 11
711 10
712 11
713 5
714 9
715 14
716 12
717 11
718 12
719 11
720 4
721 12
722 6
723 15
724 6
725 9
726 8
727 18
728 13
729 4
730 12
731 4
732 4
733 2
734 7
735 8
736 7
737 8
738 6
739 7
740 10
741 9
742 13
743 10
744 7
745 6
746 2
747 6
748 2
749 3
750 5
751 2
752 1
753 2
754 3
755 2
756 1
757 1
759 1
761 2
763 2
764 1
765 1
767 1
768 2
769 1
770 1
772 2
773 1
774 1
775 1
776 1
777 1
778 2
779 1
780 2
781 1
782 1
783 1
784 1
785 1
790 1
791 1
793 1
794 1
798 1
799 3
800 2
801 2
803 1
804 2
806 1
807 1
808 1
810 1
812 1
813 1
814 1
816 2
820 2
821 1
824 2
825 1
826 1
827 1
829 1
830 1
833 1
838 1
844 1
847 1
853 1
855 1
857 2
864 1
871 1
872 1
873 3
874 1
875 1
878 1
879 1
880 2
883 1
884 1
885 1
889 2
890 1
893 2
897 1
899 1
900 1
903 1
904 1
906 1
910 1
919 1
924 1
926 2
929 1
941 1
943 1
953 1
956 1
958 2
959 1
960 1
962 1
963 1
966 1
968 1
969 1
971 1
974 1
975 1
976 3
980 1
982 1
984 2
985 1
986 1
987 1
988 2
989 1
993 2
994 3
995 1
996 3
998 2
999 2
1005 2
1007 1
1012 1
1030 2
1050 1
1052 1
1067 1
1075 2
1086 1
1098 1
1104 1
1116 1
1126 1
1134 1
1143 1
1146 1
1173 1
1205 1
1215 1
1225 1
1228 1
1230 1
1242 1
1253 1
1266 1
1288 1
1344 1
1358 1
1369 1
1371 1
1411 1
1467 1
1498 1
1517 1
1556 1
1557 1
1569 1
1577 1
1588 1
1796 1
1827 1
1851 1
1858 1
1976 1
1997 1
2321 1
2376 1
2497 1
2584 1
2829 1
2894 1
3265 1
4572 1
4758 1
4879 1
5597 1
8180 1
8428 1
13050 1
15163 1
20293 1
read/write bytes 376081631 22001730
frontier distribution: 
1 17 1194 76334 1042074 2118788 961912 170301 24500 4138 832 206 41 8 1 
read/write bytes 376081631 22001730
frontier distribution: 
1 3 10 322 9978 235400 1623431 1923082 522518 72738 10474 1834 414 120 16 5 1 
read/write bytes 376081631 22001730
frontier distribution: 
1 2 48 3514 133902 583256 1779173 1488419 351467 50819 7857 1449 351 54 31 4 
read/write bytes 376081631 22001730
frontier distribution: 
1 1 15 356 6617 192895 1581923 2016219 520202 69174 10591 1786 452 75 36 4 
read/write bytes 376081631 22001730
frontier distribution: 
1 149 317 4013 95469 1109757 2174558 858291 134546 19212 3114 715 164 32 8 1 
read/write bytes 376081644 22001735
frontier distribution: 
1 1 26 300 11947 329899 1864001 1758113 378329 48636 7382 1349 291 65 8 
read/write bytes 376081654 22001735
frontier distribution: 
1 3 92 4752 189221 1483699 1975689 633126 96343 14174 2531 548 144 19 5 1 
read/write bytes 376081631 22001730
frontier distribution: 
1 25 1922 70103 935012 2285400 948501 136756 18695 3025 710 151 39 6 1 
read/write bytes 376081631 22001730
frontier distribution: 
1 1 123 3537 105206 1175364 2206812 780843 109251 15435 2985 635 83 57 11 3 
read/write bytes 376081631 22001730
frontier distribution: 
1 33 200 5085 155747 1571841 2036695 538899 77055 11998 2170 479 85 45 11 3 
BFS rum time: 1.1413 seconds.
