vertex num: 2394385
edge num: 5021410
Zero outgoing vertex percentage is 0.938355
in degree distribution: 
0 25204
1 1763701
2 344828
3 110301
4 47131
5 23917
6 14221
7 9406
8 6883
9 5402
10 4181
11 3429
12 2907
13 2535
14 2207
15 1920
16 1755
17 1537
18 1440
19 1321
20 1141
21 1071
22 1003
23 918
24 884
25 811
26 716
27 667
28 594
29 580
30 507
31 519
32 466
33 412
34 382
35 369
36 356
37 307
38 310
39 279
40 253
41 223
42 228
43 191
44 216
45 163
46 170
47 144
48 142
49 165
50 141
51 130
52 141
53 111
54 111
55 110
56 107
57 97
58 109
59 92
60 108
61 83
62 87
63 67
64 88
65 79
66 56
67 71
68 76
69 69
70 68
71 62
72 56
73 53
74 54
75 62
76 58
77 59
78 42
79 51
80 52
81 50
82 63
83 49
84 44
85 39
86 43
87 37
88 38
89 36
90 41
91 29
92 41
93 28
94 39
95 37
96 28
97 30
98 36
99 28
100 26
101 28
102 30
103 23
104 30
105 20
106 29
107 21
108 28
109 28
110 15
111 17
112 22
113 31
114 18
115 25
116 17
117 20
118 17
119 16
120 16
121 22
122 18
123 16
124 15
125 17
126 20
127 23
128 20
129 16
130 13
131 18
132 14
133 14
134 15
135 9
136 14
137 14
138 19
139 13
140 14
141 9
142 17
143 9
144 18
145 17
146 13
147 17
148 19
149 16
150 7
151 12
152 15
153 18
154 15
155 17
156 10
157 10
158 9
159 10
160 10
161 7
162 7
163 8
164 6
165 13
166 7
167 8
168 11
169 14
170 10
171 9
172 9
173 7
174 9
175 9
176 6
177 7
178 9
179 7
180 10
181 12
182 11
183 9
184 9
185 12
186 11
187 12
188 8
189 11
190 5
191 7
192 7
193 11
194 11
195 1
196 5
197 6
199 5
200 6
201 11
202 11
203 6
204 10
205 10
206 7
207 3
208 11
209 8
210 15
211 8
212 11
213 6
214 12
215 5
216 5
217 6
218 6
219 3
220 7
221 9
222 3
223 12
224 11
225 5
226 6
227 6
228 10
229 3
230 3
231 2
232 5
233 3
234 4
235 8
236 5
237 5
238 6
239 8
240 3
241 3
242 6
243 6
244 6
245 2
246 5
247 3
248 3
249 4
250 6
251 9
252 3
253 7
254 8
255 3
256 6
257 5
258 4
259 3
260 3
261 4
262 3
263 6
264 3
265 6
266 8
267 4
268 5
269 6
270 3
271 7
272 4
273 5
274 8
275 5
276 7
277 7
278 3
279 1
280 2
281 6
282 11
283 4
284 5
285 6
286 1
287 5
288 2
289 3
290 1
291 5
293 2
294 4
295 5
296 3
297 3
298 3
299 5
300 6
301 4
302 5
303 6
304 2
305 2
306 4
307 5
308 5
309 6
310 4
311 6
312 3
313 5
314 4
315 2
316 2
317 5
318 2
319 2
320 1
321 1
322 9
323 5
324 3
325 3
326 4
327 1
328 2
330 1
331 2
332 4
333 2
334 2
335 2
336 1
337 2
338 2
339 5
340 3
341 2
342 2
343 3
344 2
345 2
346 3
347 1
348 4
349 3
350 1
351 2
352 2
353 3
354 4
355 5
356 4
357 7
358 3
359 5
360 6
361 2
363 2
365 3
366 3
367 1
368 1
370 1
371 3
372 4
373 7
374 3
375 1
376 1
377 1
378 1
380 4
382 2
383 5
384 2
385 2
386 2
387 3
388 2
389 4
390 4
391 1
393 1
394 2
395 2
396 4
397 5
398 1
399 4
400 3
401 2
402 2
403 3
404 1
405 4
406 1
408 2
409 4
410 3
411 4
412 1
413 4
414 3
415 2
416 2
417 2
418 2
419 1
420 4
421 4
422 2
423 2
424 2
425 2
426 3
427 2
428 3
429 1
430 2
431 1
432 1
434 2
437 2
438 2
439 2
440 1
441 2
442 4
443 3
444 1
445 1
446 3
448 2
449 2
450 1
452 1
453 2
455 3
456 3
457 2
458 2
459 1
460 4
461 3
462 1
465 4
468 4
469 2
470 1
471 1
472 1
473 2
474 2
475 2
477 3
478 3
479 2
481 1
483 1
484 1
485 1
486 3
488 1
489 1
490 1
491 1
492 2
493 1
495 1
496 1
497 1
499 3
500 1
503 1
506 4
507 3
510 1
511 2
512 1
513 1
514 1
515 1
516 1
518 1
521 1
523 2
524 2
526 2
527 1
528 2
530 2
532 1
533 2
537 1
538 4
539 5
540 2
541 1
542 2
543 2
544 2
545 2
547 2
549 1
553 2
555 1
557 3
558 1
562 3
563 2
567 1
575 1
578 2
581 1
582 2
584 1
585 1
586 1
589 3
590 1
592 2
595 1
597 3
598 1
599 1
600 3
602 1
603 1
609 2
610 1
611 1
615 1
617 1
625 1
626 1
627 1
632 1
633 1
636 3
637 1
638 1
641 1
644 1
647 1
648 1
649 1
652 1
653 1
654 1
658 1
659 1
662 1
664 1
666 1
668 1
670 1
672 3
676 1
678 1
683 1
692 2
693 1
699 2
702 1
703 1
704 1
706 1
707 1
710 1
713 1
717 2
718 1
721 1
722 1
723 1
725 1
728 1
733 1
736 2
742 2
745 1
746 1
747 1
748 1
750 1
751 1
752 2
757 1
760 2
761 1
764 2
767 1
768 1
769 1
771 1
772 1
776 1
777 2
780 1
786 1
787 2
788 1
789 1
791 2
792 2
795 1
815 2
819 1
825 1
827 1
832 1
834 2
840 2
841 1
842 1
845 1
846 1
848 1
853 1
854 2
860 1
862 1
863 1
864 1
869 1
877 1
880 1
886 1
890 2
902 1
905 3
911 1
913 1
914 2
930 1
932 1
935 1
936 1
937 1
940 1
942 1
944 1
952 1
955 1
962 1
964 1
966 1
970 1
979 1
981 1
985 1
992 1
993 1
1011 1
1015 1
1033 1
1040 1
1041 1
1051 1
1058 1
1060 1
1076 1
1080 1
1104 1
1125 1
1146 1
1153 1
1171 1
1172 1
1196 1
1197 1
1209 1
1212 1
1213 1
1214 1
1249 1
1256 1
1284 1
1349 1
1366 1
1372 1
1384 1
1400 1
1421 1
1460 1
1466 1
1578 1
1584 1
1652 1
1720 1
1759 1
2014 1
3311 1
out degree distribution: 
0 2246783
1 80110
2 20246
3 9211
4 5283
5 3541
6 2635
7 2002
8 1589
9 1375
10 1116
11 1008
12 816
13 750
14 645
15 611
16 503
17 505
18 436
19 394
20 347
21 364
22 344
23 285
24 293
25 292
26 274
27 263
28 227
29 205
30 228
31 176
32 189
33 168
34 182
35 147
36 179
37 165
38 157
39 173
40 131
41 108
42 116
43 140
44 122
45 135
46 105
47 111
48 89
49 101
50 92
51 88
52 100
53 91
54 84
55 79
56 94
57 65
58 88
59 61
60 74
61 66
62 78
63 84
64 59
65 72
66 59
67 71
68 64
69 57
70 56
71 68
72 49
73 65
74 54
75 42
76 65
77 59
78 54
79 37
80 59
81 40
82 53
83 47
84 49
85 48
86 53
87 40
88 45
89 39
90 32
91 48
92 55
93 36
94 46
95 40
96 46
97 29
98 43
99 45
100 36
101 40
102 40
103 31
104 28
105 32
106 20
107 32
108 32
109 37
110 39
111 30
112 32
113 36
114 23
115 35
116 33
117 25
118 26
119 36
120 24
121 22
122 28
123 19
124 28
125 29
126 30
127 37
128 29
129 30
130 20
131 36
132 30
133 26
134 27
135 24
136 24
137 33
138 20
139 21
140 25
141 21
142 29
143 33
144 20
145 18
146 23
147 17
148 26
149 28
150 18
151 23
152 23
153 16
154 17
155 20
156 19
157 17
158 24
159 16
160 14
161 17
162 17
163 25
164 20
165 19
166 14
167 20
168 14
169 21
170 6
171 13
172 11
173 10
174 21
175 17
176 14
177 20
178 21
179 14
180 20
181 11
182 21
183 14
184 17
185 11
186 14
187 19
188 13
189 11
190 10
191 22
192 10
193 19
194 16
195 14
196 13
197 16
198 15
199 15
200 7
201 5
202 16
203 9
204 19
205 16
206 9
207 14
208 11
209 14
210 14
211 16
212 13
213 10
214 17
215 10
216 7
217 9
218 17
219 7
220 10
221 12
222 14
223 7
224 6
225 9
226 11
227 9
228 8
229 3
230 11
231 11
232 12
233 14
234 6
235 10
236 11
237 9
238 9
239 9
240 11
241 9
242 6
243 12
244 12
245 4
246 4
247 9
248 8
249 8
250 5
251 7
252 14
253 11
254 9
255 7
256 8
257 14
258 5
259 14
260 8
261 14
262 8
263 5
264 6
265 7
266 8
267 9
268 10
269 9
270 3
271 9
272 11
273 9
274 6
275 9
276 3
277 6
278 6
279 8
280 7
281 8
282 11
283 8
284 5
285 5
286 13
287 8
288 9
289 7
290 5
291 10
292 10
293 4
294 7
295 7
296 6
297 9
298 5
299 9
300 5
301 5
302 5
303 7
304 6
305 9
306 5
307 8
308 5
309 6
310 3
311 7
312 3
313 9
314 10
315 7
316 8
317 6
318 9
319 9
320 4
321 8
322 2
323 3
324 6
325 5
326 7
327 6
328 6
329 3
330 5
331 8
332 3
333 4
334 2
335 5
336 6
337 8
338 6
339 8
340 4
341 6
342 8
343 7
344 6
345 7
346 5
347 2
348 6
350 4
351 4
352 2
353 7
354 4
355 5
356 8
357 8
358 7
359 6
360 7
361 5
362 4
363 4
364 4
365 9
366 7
367 5
368 6
369 3
370 9
371 3
372 7
373 6
374 10
375 10
376 4
377 1
378 8
379 8
380 4
381 3
382 4
383 4
384 6
385 5
386 4
387 1
388 3
389 3
390 6
391 3
392 3
394 3
395 5
396 6
397 5
398 7
399 10
400 3
401 4
402 3
403 8
404 5
405 3
406 2
407 1
408 6
409 4
410 5
411 3
412 8
413 4
414 4
415 5
416 3
417 5
418 4
419 5
420 1
421 3
422 7
423 1
424 2
425 5
426 6
427 3
428 4
429 7
430 7
431 5
432 2
433 3
434 6
435 10
436 5
437 3
438 4
439 4
440 7
441 4
442 6
443 5
444 3
445 1
446 1
447 1
448 3
449 4
450 1
451 1
452 6
453 2
454 3
455 8
456 3
457 4
458 4
459 2
460 2
461 2
462 1
463 5
464 2
465 7
466 1
467 2
468 1
469 7
470 5
471 3
472 4
473 4
474 3
475 1
476 4
477 1
478 3
479 2
480 2
481 4
482 5
483 1
484 5
485 2
486 4
487 6
488 5
489 1
490 3
491 3
492 6
493 5
494 3
495 2
496 4
497 3
498 2
499 3
500 5
501 1
502 3
503 6
504 3
505 4
506 4
507 3
508 3
509 2
510 5
511 2
512 1
513 3
514 1
515 4
516 1
518 1
519 4
520 2
521 3
522 1
523 3
524 3
525 2
526 5
527 2
529 1
530 4
531 4
532 2
533 6
534 5
535 3
537 4
538 6
539 2
540 1
541 4
543 5
544 1
545 4
546 3
547 6
548 2
549 2
550 4
552 2
553 7
554 4
555 4
556 3
557 4
558 2
559 1
560 2
561 4
562 1
563 2
564 3
565 5
566 1
567 4
568 4
569 3
570 3
572 1
573 2
574 2
575 3
576 2
578 1
579 4
580 3
581 3
582 3
583 6
584 4
585 1
586 2
587 3
588 3
589 3
591 3
592 3
593 2
594 3
596 3
597 4
598 1
599 2
601 5
602 1
603 3
604 2
605 1
606 2
607 3
608 5
609 1
610 2
611 1
612 2
613 2
614 4
615 5
616 4
617 5
618 3
619 1
621 1
622 3
623 2
624 5
625 1
626 4
627 1
628 5
629 5
630 4
631 3
632 3
633 1
634 2
635 4
637 3
638 2
639 1
640 4
641 4
642 3
643 4
644 3
645 3
647 2
648 2
649 1
650 1
651 3
652 2
653 3
654 2
655 4
656 3
657 4
658 1
659 4
660 5
661 2
662 2
663 5
664 5
665 1
666 1
667 1
668 2
669 1
671 2
672 1
673 1
675 2
676 5
677 3
678 1
679 1
680 2
681 2
682 1
683 1
685 3
686 1
687 1
688 1
689 2
690 1
692 3
693 1
694 1
695 2
696 1
697 3
698 1
699 2
700 1
701 1
702 2
703 1
705 1
706 3
707 1
708 1
709 1
710 1
711 3
713 2
714 1
715 4
716 2
717 2
718 2
719 1
720 3
721 1
722 1
723 5
724 3
726 1
727 1
729 4
730 1
731 2
732 1
734 1
735 2
736 1
737 1
738 3
739 2
740 2
741 1
742 2
743 2
744 1
745 4
746 5
747 3
748 3
749 1
750 1
751 1
752 3
753 2
754 2
755 2
756 1
757 2
759 1
760 1
761 6
762 3
763 5
764 2
765 3
766 3
767 3
770 2
771 2
773 2
774 5
775 3
776 6
777 3
778 1
779 2
780 1
781 3
782 5
784 1
785 3
786 1
787 3
788 2
789 2
790 1
791 1
792 2
793 1
794 3
795 3
796 1
797 1
798 1
799 2
800 1
801 4
802 1
803 1
804 2
805 1
806 4
807 4
808 2
809 5
810 2
813 2
815 4
818 1
819 3
820 1
822 5
823 2
824 1
825 2
826 4
829 1
832 1
833 3
834 2
835 2
836 1
837 3
838 3
839 2
840 2
841 4
844 2
845 3
847 2
848 4
849 2
850 1
851 4
852 2
853 1
854 2
855 2
856 1
857 3
859 2
861 1
862 1
863 1
864 1
865 2
866 6
867 1
868 1
869 4
870 1
871 2
873 3
875 2
876 1
877 1
878 1
880 3
881 1
883 1
884 2
886 2
887 1
888 2
889 1
890 1
893 2
895 3
898 1
899 2
901 2
902 3
903 1
904 2
905 1
906 2
907 3
908 1
910 1
911 2
912 2
914 2
917 2
920 1
922 2
923 1
924 2
925 1
926 2
928 1
929 1
930 1
932 1
934 3
936 2
938 1
940 1
943 1
944 3
945 1
946 3
949 1
950 1
952 1
953 1
958 1
961 2
963 1
965 1
966 1
967 2
969 1
971 1
972 2
973 1
974 2
976 1
977 1
978 1
979 1
980 1
982 2
984 2
985 1
988 1
990 3
993 4
994 1
995 1
996 4
998 1
999 3
1000 4
1002 1
1003 2
1004 2
1005 1
1006 1
1007 1
1009 1
1011 2
1012 1
1013 1
1014 1
1016 1
1017 1
1019 1
1020 1
1021 1
1022 1
1023 3
1024 2
1025 4
1027 1
1028 1
1030 1
1031 3
1033 1
1034 1
1036 2
1037 2
1041 3
1042 2
1043 3
1044 1
1045 1
1049 1
1051 1
1053 1
1054 2
1055 1
1056 2
1057 2
1058 1
1060 2
1062 3
1063 3
1065 1
1066 1
1067 2
1071 1
1072 1
1076 1
1077 2
1078 1
1080 1
1081 2
1084 1
1086 4
1087 1
1089 1
1090 1
1091 1
1096 1
1098 1
1103 1
1105 2
1108 2
1112 1
1113 1
1115 1
1117 1
1118 1
1120 1
1121 1
1122 2
1127 2
1128 2
1130 2
1131 2
1132 1
1142 1
1143 1
1145 2
1146 1
1147 2
1150 2
1155 1
1157 2
1158 2
1159 2
1160 1
1162 1
1165 1
1167 2
1172 2
1173 1
1174 2
1175 1
1176 2
1179 1
1181 2
1182 1
1183 3
1184 1
1185 1
1190 1
1191 1
1192 1
1193 1
1194 1
1196 2
1197 1
1199 2
1201 1
1202 3
1203 1
1206 1
1208 1
1209 2
1210 2
1213 1
1215 3
1218 3
1220 1
1223 1
1225 2
1227 1
1228 1
1229 1
1230 4
1231 1
1234 1
1235 2
1236 1
1240 1
1241 1
1243 1
1244 1
1248 1
1249 2
1250 2
1251 1
1253 2
1260 1
1262 1
1263 1
1265 2
1267 1
1269 1
1270 1
1272 1
1273 1
1277 3
1278 2
1285 2
1287 1
1288 1
1289 1
1291 3
1295 1
1296 1
1297 1
1300 1
1301 2
1302 3
1303 1
1304 1
1311 2
1312 1
1318 2
1319 1
1322 1
1326 1
1327 1
1328 1
1329 2
1334 1
1337 3
1340 1
1342 1
1343 2
1345 1
1346 2
1349 1
1350 4
1352 1
1353 1
1354 1
1355 2
1356 2
1358 1
1360 1
1361 1
1362 1
1366 1
1370 3
1373 1
1377 1
1380 1
1381 2
1383 1
1385 1
1388 1
1389 2
1391 1
1392 1
1394 1
1395 1
1396 1
1397 3
1401 1
1402 1
1403 1
1404 1
1405 1
1406 2
1409 1
1412 2
1418 2
1424 2
1425 1
1428 1
1430 1
1433 3
1435 1
1438 2
1440 1
1441 1
1443 1
1444 1
1446 1
1447 1
1452 1
1453 1
1454 1
1455 1
1457 2
1458 1
1461 1
1465 1
1466 1
1467 2
1468 1
1470 2
1473 2
1475 1
1476 1
1478 1
1479 1
1482 1
1483 1
1488 1
1490 1
1495 2
1497 1
1498 2
1499 2
1504 2
1507 1
1508 1
1509 1
1510 1
1511 1
1512 1
1513 1
1516 1
1517 2
1519 1
1520 1
1521 1
1525 2
1526 1
1527 2
1529 2
1530 1
1531 2
1532 1
1534 2
1539 1
1540 1
1541 1
1542 1
1544 1
1546 1
1549 1
1550 1
1554 1
1556 1
1560 2
1562 1
1563 1
1568 1
1570 2
1572 1
1574 1
1576 1
1578 1
1580 1
1582 1
1583 1
1585 1
1587 1
1591 1
1593 1
1595 1
1599 1
1602 1
1603 1
1604 2
1608 2
1610 1
1612 1
1613 3
1618 1
1622 1
1625 1
1629 1
1634 1
1636 1
1637 1
1642 2
1645 1
1649 1
1650 1
1651 1
1653 2
1658 1
1662 1
1663 2
1664 2
1668 1
1671 1
1680 1
1681 1
1684 1
1686 1
1698 1
1705 1
1706 1
1708 2
1711 1
1712 1
1713 1
1717 4
1720 1
1721 1
1726 1
1731 1
1733 1
1737 1
1740 1
1741 1
1747 2
1750 1
1751 1
1753 1
1754 1
1756 1
1757 3
1759 1
1761 2
1763 2
1766 1
1768 1
1769 2
1783 1
1785 1
1787 1
1788 1
1791 1
1792 1
1796 1
1797 1
1801 1
1802 2
1804 1
1805 1
1810 1
1811 1
1813 2
1814 1
1816 1
1819 1
1824 1
1826 2
1828 1
1831 1
1834 1
1835 1
1836 1
1841 1
1847 1
1848 1
1849 1
1850 1
1851 2
1852 2
1855 1
1857 1
1858 2
1861 1
1864 1
1870 1
1872 1
1874 1
1887 1
1889 1
1895 1
1898 1
1899 1
1908 1
1913 2
1914 1
1918 1
1922 1
1923 1
1928 1
1934 1
1935 1
1938 1
1943 1
1946 1
1949 1
1951 1
1954 1
1955 1
1972 1
1974 1
1976 2
1977 1
1978 1
1980 1
1982 3
1991 1
1998 1
1999 1
2000 1
2003 1
2008 1
2012 2
2014 1
2017 1
2020 1
2032 1
2039 1
2040 2
2042 1
2043 1
2044 1
2056 1
2060 1
2062 1
2071 1
2073 1
2076 1
2080 1
2083 1
2091 1
2098 1
2099 1
2100 1
2101 2
2102 2
2108 1
2109 1
2110 1
2114 1
2116 1
2117 1
2122 1
2126 1
2130 2
2133 1
2136 2
2139 1
2142 2
2149 1
2154 1
2159 1
2160 1
2161 1
2165 1
2167 1
2170 1
2172 1
2183 1
2184 1
2186 1
2189 1
2196 1
2198 1
2201 1
2209 1
2228 1
2234 1
2237 1
2240 1
2242 1
2256 1
2258 1
2262 1
2268 1
2269 1
2273 1
2277 2
2284 1
2288 1
2289 1
2296 1
2304 1
2305 1
2308 1
2309 1
2311 1
2312 2
2314 1
2324 2
2325 1
2331 2
2341 1
2342 2
2345 1
2352 1
2356 1
2377 1
2379 1
2383 1
2394 1
2401 1
2405 1
2413 1
2414 1
2421 1
2424 1
2425 1
2430 1
2452 1
2453 1
2454 1
2455 1
2462 1
2463 1
2464 1
2466 1
2467 1
2476 1
2478 2
2480 1
2490 1
2491 1
2494 1
2496 2
2499 1
2504 1
2505 1
2517 1
2531 1
2535 1
2544 1
2549 1
2557 2
2567 1
2574 1
2577 1
2583 1
2584 1
2586 1
2589 2
2594 2
2605 1
2632 1
2637 1
2642 1
2645 1
2646 2
2648 1
2656 1
2662 1
2673 1
2674 1
2692 1
2697 1
2704 2
2705 1
2711 1
2718 1
2723 2
2724 1
2725 1
2726 2
2729 1
2731 1
2733 1
2737 1
2740 1
2744 1
2750 1
2769 1
2791 1
2792 1
2816 1
2827 1
2851 1
2852 1
2873 1
2876 1
2891 1
2901 1
2906 2
2921 1
2931 1
2939 1
2943 1
2950 1
2954 1
2962 1
2963 1
2967 1
2969 1
2973 1
3012 2
3028 1
3030 1
3044 1
3046 1
3050 1
3051 1
3052 1
3054 1
3056 1
3065 1
3074 1
3090 1
3092 1
3098 1
3106 1
3108 1
3118 1
3121 1
3131 1
3136 1
3137 1
3155 1
3162 1
3171 1
3185 1
3188 1
3193 1
3194 1
3203 1
3205 1
3235 1
3255 1
3271 1
3273 1
3284 1
3329 1
3343 1
3355 1
3401 1
3405 1
3417 1
3418 1
3429 1
3446 1
3453 1
3473 1
3475 1
3480 1
3500 1
3520 1
3537 1
3542 1
3549 1
3550 1
3576 1
3599 1
3604 3
3610 1
3618 1
3654 1
3669 1
3688 1
3701 1
3708 1
3712 1
3725 1
3755 1
3759 1
3772 1
3786 1
3815 1
3831 1
3843 1
3845 1
3847 1
3850 2
3856 1
3867 1
3875 1
3915 1
3919 1
3961 1
3970 1
3991 1
4001 1
4016 1
4026 1
4027 1
4031 1
4067 1
4076 1
4095 1
4118 1
4166 1
4168 1
4169 1
4174 1
4205 1
4257 1
4276 1
4318 1
4425 1
4428 1
4448 1
4524 1
4572 2
4585 1
4626 1
4687 1
4692 1
4709 1
4727 1
4737 1
4758 1
4774 1
4790 1
4795 1
4813 1
4823 1
4841 1
4845 1
4847 1
4849 1
4863 1
4865 1
4907 1
4912 1
4945 1
4985 1
5000 1
5017 1
5018 1
5068 1
5080 1
5088 2
5114 1
5204 1
5236 1
5268 1
5289 1
5383 1
5399 1
5425 1
5457 1
5536 1
5563 1
5582 1
5696 1
5758 1
5893 1
6013 1
6014 1
6020 1
6113 1
6138 1
6140 1
6141 1
6174 1
6192 1
6206 1
6244 1
6255 1
6314 1
6338 1
6353 1
6358 1
6447 1
6551 1
6647 1
6704 1
6752 2
6784 1
6836 1
6861 1
6944 1
7017 1
7056 1
7171 1
7274 1
7328 1
7617 1
7619 1
7638 1
7860 1
7951 1
7992 1
8042 1
8289 1
8419 1
8623 1
8775 1
8861 1
9339 1
9365 1
9612 1
9631 1
9771 1
10240 1
10344 1
10504 1
10854 1
11168 1
11911 1
12215 1
12694 1
12861 1
13005 1
13365 1
13367 1
13536 1
14448 1
15434 1
16442 1
17905 1
18264 1
18836 1
19430 1
22668 1
31892 1
100022 1
read/write bytes 21 5
frontier distribution: 
1 1 
read/write bytes 43586768 11773000
frontier distribution: 
1 705 58546 1424518 862575 8037 218 1 
read/write bytes 21 5
frontier distribution: 
1 1 
read/write bytes 43580958 11771575
frontier distribution: 
1 1 7991 559269 1628981 157440 632 1 
read/write bytes 43580971 11771580
frontier distribution: 
1 1 1011 63266 1718318 566917 4782 21 
read/write bytes 43580958 11771575
frontier distribution: 
1 1 64 19753 1181115 1135907 17388 87 
read/write bytes 43580958 11771575
frontier distribution: 
1 1 1602 116338 1830617 403259 2488 10 
read/write bytes 43580958 11771575
frontier distribution: 
1 1 228 59694 1515533 771095 7729 35 
read/write bytes 43580958 11771575
frontier distribution: 
1 2 515 139680 1853085 358411 2609 13 
read/write bytes 43580958 11771575
frontier distribution: 
1 1 631 10774 912294 1342191 88183 241 
BFS rum time: 0.212824 seconds.
