vertex num: 3072627
edge num: 117185083
Zero outgoing vertex percentage is 6.05345e-05
in degree distribution: 
0 186
1 67767
2 43254
3 38376
4 37457
5 36751
6 36808
7 37060
8 37463
9 37382
10 37876
11 37618
12 37851
13 37307
14 37172
15 37717
16 37368
17 37209
18 37065
19 36429
20 36002
21 35877
22 35256
23 35147
24 35010
25 34183
26 34103
27 33056
28 33002
29 32385
30 32047
31 31302
32 30990
33 30544
34 29697
35 29400
36 29321
37 28934
38 28407
39 27947
40 27281
41 26656
42 26348
43 25557
44 25474
45 24932
46 24317
47 24141
48 23647
49 23159
50 22940
51 22310
52 22111
53 21649
54 21267
55 20752
56 20535
57 19981
58 19828
59 19366
60 19259
61 18589
62 18539
63 18169
64 17687
65 17455
66 17232
67 16704
68 16831
69 16237
70 15879
71 15690
72 15266
73 15101
74 14804
75 14731
76 14286
77 14079
78 13791
79 13616
80 13088
81 12930
82 12720
83 12530
84 12304
85 12152
86 11951
87 11767
88 11643
89 11298
90 11071
91 10949
92 10600
93 10359
94 10375
95 10215
96 9833
97 9751
98 9606
99 9483
100 9252
101 9294
102 9056
103 8822
104 8814
105 8671
106 8276
107 8330
108 7955
109 8131
110 7919
111 7687
112 7756
113 7499
114 7467
115 7152
116 7058
117 7041
118 6927
119 6911
120 6628
121 6598
122 6389
123 6397
124 6197
125 6130
126 6038
127 6118
128 5783
129 5717
130 5795
131 5403
132 5331
133 5419
134 5223
135 5182
136 5126
137 5104
138 4911
139 4826
140 4768
141 4646
142 4769
143 4621
144 4586
145 4497
146 4388
147 4301
148 4269
149 4220
150 4036
151 3898
152 4009
153 3898
154 3929
155 3812
156 3565
157 3746
158 3594
159 3606
160 3516
161 3407
162 3340
163 3339
164 3208
165 3188
166 3179
167 3186
168 3120
169 3130
170 2986
171 2904
172 2936
173 2924
174 2865
175 2871
176 2693
177 2784
178 2651
179 2641
180 2552
181 2526
182 2500
183 2485
184 2464
185 2416
186 2346
187 2355
188 2304
189 2306
190 2258
191 2198
192 2155
193 2111
194 2099
195 2028
196 2021
197 1995
198 1982
199 1983
200 2010
201 1970
202 1926
203 1939
204 1883
205 1883
206 1761
207 1791
208 1700
209 1750
210 1699
211 1761
212 1747
213 1726
214 1641
215 1594
216 1638
217 1607
218 1620
219 1483
220 1510
221 1527
222 1516
223 1475
224 1440
225 1425
226 1365
227 1415
228 1348
229 1333
230 1330
231 1355
232 1308
233 1299
234 1318
235 1263
236 1259
237 1185
238 1246
239 1158
240 1235
241 1170
242 1209
243 1127
244 1153
245 1095
246 1112
247 1024
248 1082
249 1087
250 1089
251 1031
252 1070
253 1046
254 960
255 955
256 982
257 1011
258 959
259 994
260 934
261 917
262 942
263 944
264 926
265 913
266 871
267 871
268 847
269 881
270 833
271 830
272 809
273 793
274 752
275 765
276 774
277 820
278 824
279 798
280 770
281 777
282 748
283 718
284 700
285 735
286 702
287 667
288 666
289 652
290 718
291 671
292 673
293 686
294 634
295 632
296 641
297 646
298 617
299 597
300 601
301 579
302 586
303 611
304 598
305 569
306 590
307 585
308 597
309 547
310 589
311 593
312 530
313 536
314 523
315 547
316 515
317 534
318 503
319 520
320 531
321 508
322 453
323 525
324 494
325 482
326 484
327 447
328 487
329 440
330 463
331 495
332 462
333 433
334 473
335 400
336 470
337 412
338 443
339 430
340 475
341 428
342 440
343 432
344 377
345 388
346 424
347 389
348 399
349 398
350 406
351 383
352 419
353 382
354 378
355 393
356 375
357 362
358 384
359 339
360 382
361 363
362 352
363 351
364 355
365 338
366 337
367 320
368 351
369 342
370 318
371 333
372 323
373 320
374 299
375 302
376 306
377 316
378 303
379 301
380 283
381 318
382 292
383 311
384 297
385 259
386 281
387 313
388 290
389 277
390 260
391 277
392 264
393 263
394 260
395 265
396 284
397 260
398 259
399 229
400 243
401 246
402 256
403 249
404 272
405 222
406 234
407 225
408 262
409 259
410 252
411 285
412 223
413 260
414 224
415 226
416 252
417 246
418 226
419 231
420 246
421 221
422 227
423 220
424 216
425 217
426 201
427 195
428 212
429 220
430 217
431 221
432 233
433 185
434 238
435 218
436 208
437 219
438 203
439 214
440 215
441 185
442 172
443 209
444 185
445 172
446 207
447 202
448 209
449 196
450 172
451 171
452 191
453 177
454 178
455 181
456 171
457 188
458 161
459 167
460 172
461 178
462 182
463 181
464 196
465 193
466 159
467 185
468 158
469 173
470 149
471 139
472 178
473 164
474 158
475 168
476 154
477 143
478 150
479 153
480 135
481 162
482 161
483 156
484 169
485 153
486 130
487 156
488 171
489 133
490 136
491 171
492 123
493 142
494 139
495 132
496 149
497 135
498 138
499 139
500 121
501 165
502 123
503 142
504 140
505 145
506 149
507 116
508 143
509 129
510 138
511 121
512 128
513 117
514 126
515 130
516 132
517 124
518 114
519 131
520 123
521 125
522 119
523 117
524 122
525 119
526 104
527 118
528 142
529 123
530 121
531 125
532 106
533 115
534 116
535 121
536 121
537 111
538 112
539 85
540 122
541 128
542 116
543 122
544 99
545 104
546 109
547 107
548 101
549 94
550 111
551 106
552 126
553 115
554 103
555 96
556 117
557 111
558 90
559 97
560 108
561 106
562 98
563 94
564 102
565 112
566 94
567 89
568 87
569 124
570 115
571 111
572 90
573 108
574 86
575 98
576 112
577 114
578 106
579 99
580 101
581 103
582 93
583 93
584 114
585 94
586 91
587 82
588 104
589 83
590 87
591 95
592 88
593 87
594 100
595 94
596 97
597 93
598 97
599 108
600 86
601 93
602 87
603 89
604 87
605 100
606 96
607 107
608 97
609 67
610 87
611 91
612 86
613 94
614 85
615 87
616 94
617 91
618 78
619 73
620 87
621 84
622 98
623 89
624 84
625 87
626 83
627 98
628 79
629 88
630 87
631 100
632 76
633 88
634 68
635 88
636 89
637 73
638 79
639 77
640 94
641 75
642 82
643 62
644 80
645 77
646 72
647 79
648 90
649 100
650 69
651 82
652 78
653 80
654 73
655 87
656 81
657 71
658 85
659 68
660 75
661 66
662 63
663 83
664 97
665 92
666 65
667 71
668 72
669 77
670 78
671 80
672 78
673 76
674 64
675 61
676 68
677 78
678 75
679 71
680 63
681 79
682 77
683 68
684 71
685 66
686 83
687 60
688 93
689 87
690 50
691 87
692 62
693 75
694 81
695 78
696 76
697 62
698 64
699 56
700 62
701 62
702 63
703 69
704 73
705 83
706 62
707 77
708 62
709 57
710 74
711 64
712 63
713 62
714 64
715 65
716 66
717 67
718 70
719 72
720 69
721 59
722 64
723 79
724 72
725 74
726 49
727 53
728 38
729 73
730 60
731 62
732 54
733 63
734 53
735 71
736 60
737 53
738 63
739 53
740 61
741 66
742 70
743 53
744 49
745 66
746 72
747 55
748 52
749 52
750 50
751 86
752 61
753 61
754 49
755 57
756 60
757 62
758 47
759 61
760 75
761 68
762 52
763 43
764 62
765 49
766 43
767 52
768 48
769 63
770 66
771 53
772 49
773 40
774 61
775 43
776 49
777 65
778 50
779 62
780 60
781 53
782 57
783 53
784 48
785 63
786 60
787 62
788 54
789 57
790 53
791 53
792 52
793 53
794 56
795 43
796 39
797 61
798 50
799 47
800 55
801 51
802 50
803 47
804 61
805 54
806 46
807 37
808 43
809 45
810 43
811 47
812 45
813 52
814 48
815 59
816 35
817 60
818 39
819 35
820 47
821 49
822 47
823 65
824 46
825 38
826 47
827 52
828 44
829 41
830 41
831 60
832 46
833 47
834 49
835 31
836 38
837 51
838 49
839 34
840 42
841 50
842 40
843 34
844 47
845 46
846 39
847 43
848 45
849 38
850 38
851 41
852 26
853 44
854 45
855 41
856 35
857 42
858 39
859 42
860 46
861 40
862 44
863 46
864 49
865 36
866 31
867 42
868 51
869 39
870 30
871 45
872 39
873 35
874 29
875 29
876 43
877 30
878 46
879 32
880 37
881 34
882 40
883 29
884 27
885 25
886 30
887 30
888 39
889 29
890 33
891 34
892 28
893 28
894 31
895 22
896 31
897 36
898 40
899 25
900 34
901 45
902 25
903 31
904 26
905 28
906 32
907 24
908 31
909 27
910 32
911 24
912 26
913 29
914 24
915 20
916 32
917 26
918 20
919 20
920 20
921 24
922 23
923 14
924 22
925 24
926 25
927 28
928 22
929 18
930 22
931 17
932 22
933 13
934 18
935 21
936 16
937 16
938 21
939 23
940 14
941 16
942 18
943 21
944 21
945 17
946 17
947 16
948 20
949 15
950 15
951 31
952 21
953 14
954 11
955 12
956 18
957 19
958 9
959 19
960 10
961 18
962 19
963 19
964 20
965 11
966 18
967 21
968 24
969 14
970 20
971 22
972 12
973 15
974 16
975 15
976 15
977 14
978 14
979 8
980 11
981 10
982 22
983 9
984 12
985 14
986 13
987 19
988 13
989 13
990 11
991 17
992 20
993 23
994 11
995 12
996 23
997 10
998 6
999 18
1000 17
1001 17
1002 17
1003 13
1004 13
1005 18
1006 14
1007 10
1008 17
1009 10
1010 11
1011 10
1012 14
1013 7
1014 12
1015 9
1016 14
1017 14
1018 3
1019 8
1020 11
1021 18
1022 10
1023 10
1024 14
1025 11
1026 14
1027 8
1028 14
1029 7
1030 8
1031 4
1032 3
1033 5
1034 9
1035 7
1036 8
1037 9
1038 6
1039 8
1040 13
1041 10
1042 9
1043 12
1044 12
1045 12
1046 8
1047 4
1048 8
1049 6
1050 12
1051 8
1052 6
1053 5
1054 6
1055 9
1056 10
1057 15
1058 5
1059 8
1060 9
1061 10
1062 7
1063 4
1064 6
1065 4
1066 10
1067 8
1068 12
1069 3
1070 8
1071 8
1072 3
1073 7
1074 10
1075 9
1076 5
1077 11
1078 10
1079 8
1080 5
1081 6
1082 8
1083 11
1084 3
1085 6
1086 3
1087 8
1088 13
1089 5
1090 5
1091 3
1092 4
1093 7
1094 11
1095 5
1096 11
1097 8
1098 3
1099 6
1100 5
1101 4
1102 4
1103 10
1104 5
1105 3
1106 3
1107 6
1108 7
1109 9
1110 11
1111 5
1112 8
1113 5
1114 7
1115 8
1116 7
1117 9
1118 5
1119 8
1120 3
1121 10
1122 10
1123 7
1124 4
1125 5
1126 6
1127 6
1128 5
1129 14
1130 7
1131 4
1132 6
1133 8
1134 4
1135 5
1136 7
1137 4
1138 6
1139 5
1140 9
1141 6
1142 7
1143 2
1144 4
1145 3
1146 6
1147 9
1148 3
1149 7
1150 7
1151 4
1152 5
1153 7
1154 7
1155 6
1156 9
1157 7
1158 5
1159 4
1160 2
1161 8
1162 5
1163 3
1164 6
1165 2
1166 6
1167 9
1168 2
1169 3
1170 6
1171 2
1172 3
1173 6
1174 4
1175 8
1176 3
1177 5
1178 8
1179 8
1180 14
1181 6
1182 4
1183 6
1184 4
1185 2
1186 8
1187 6
1188 9
1189 6
1190 6
1191 7
1192 9
1193 5
1194 7
1195 8
1196 5
1197 3
1198 3
1199 7
1200 8
1201 8
1202 6
1204 3
1205 2
1206 3
1207 3
1208 10
1209 2
1210 4
1211 3
1212 5
1213 4
1214 2
1215 5
1216 1
1217 4
1218 8
1219 5
1220 7
1221 6
1222 2
1223 2
1224 5
1225 2
1226 4
1227 4
1228 1
1229 6
1230 4
1231 3
1232 3
1233 3
1234 5
1235 8
1236 11
1237 2
1238 8
1239 5
1240 4
1241 4
1242 2
1243 3
1244 5
1245 2
1246 7
1247 8
1248 3
1249 3
1250 4
1251 2
1252 6
1253 1
1254 2
1255 6
1256 5
1257 6
1258 5
1259 7
1260 4
1261 3
1262 1
1263 8
1264 9
1265 3
1266 2
1267 4
1268 8
1269 5
1270 3
1271 5
1272 1
1273 3
1274 3
1275 4
1276 6
1277 5
1278 6
1279 1
1280 4
1281 2
1282 3
1283 2
1284 7
1285 4
1286 2
1287 4
1288 4
1289 4
1290 5
1291 3
1292 3
1293 5
1294 4
1295 6
1296 3
1297 7
1298 2
1299 4
1300 2
1301 4
1302 5
1303 2
1304 1
1305 3
1306 5
1307 3
1308 5
1309 2
1310 4
1311 5
1312 3
1315 3
1316 1
1317 1
1318 6
1319 1
1320 2
1321 7
1322 5
1323 1
1324 1
1325 3
1326 4
1327 2
1328 3
1329 2
1330 3
1331 4
1332 3
1333 5
1334 2
1335 1
1336 2
1337 4
1338 5
1339 4
1340 2
1341 3
1342 4
1343 5
1344 4
1345 1
1346 4
1347 3
1348 4
1349 7
1350 2
1351 2
1352 2
1353 3
1354 2
1356 6
1357 4
1358 4
1359 6
1360 5
1361 3
1362 3
1363 6
1364 2
1365 4
1366 1
1367 1
1368 6
1369 3
1370 3
1371 2
1372 4
1373 4
1374 4
1375 4
1376 1
1377 2
1379 3
1380 1
1381 2
1383 1
1384 4
1385 3
1386 5
1387 3
1389 4
1390 1
1391 5
1392 2
1393 2
1395 1
1396 5
1397 3
1398 1
1399 9
1400 4
1401 7
1402 4
1403 1
1404 4
1405 2
1406 1
1407 4
1408 6
1409 5
1410 3
1411 3
1412 2
1413 3
1414 2
1415 3
1416 2
1417 4
1420 2
1421 3
1422 1
1423 3
1424 3
1425 3
1426 1
1427 3
1428 5
1429 2
1430 1
1431 1
1433 3
1434 3
1435 2
1436 4
1437 3
1438 5
1439 5
1440 3
1441 1
1442 2
1443 5
1444 6
1445 2
1446 1
1447 3
1448 3
1449 2
1450 4
1451 5
1453 3
1454 2
1455 1
1456 3
1457 4
1458 6
1459 1
1460 4
1461 3
1462 5
1463 4
1464 4
1465 4
1466 1
1467 2
1468 1
1469 5
1470 3
1471 1
1472 2
1473 2
1474 1
1475 1
1476 2
1477 6
1478 3
1479 3
1480 1
1481 5
1482 3
1483 1
1484 2
1485 4
1486 3
1487 3
1488 1
1489 1
1490 2
1491 4
1493 1
1494 2
1495 5
1496 4
1497 2
1498 1
1500 3
1501 4
1502 4
1503 3
1504 4
1505 2
1506 2
1507 3
1508 1
1509 1
1510 3
1511 3
1512 4
1513 1
1515 2
1516 3
1517 4
1518 4
1519 5
1520 3
1521 2
1522 2
1523 6
1524 3
1525 3
1526 2
1528 1
1529 3
1530 3
1531 2
1532 2
1535 4
1536 2
1537 2
1538 5
1539 2
1540 2
1541 2
1542 2
1543 2
1544 1
1545 3
1547 3
1549 4
1550 1
1552 1
1553 1
1554 2
1555 5
1556 4
1557 2
1558 2
1560 2
1561 1
1562 2
1565 2
1566 3
1567 2
1568 5
1569 3
1570 1
1571 1
1573 3
1574 3
1575 1
1576 1
1577 3
1578 2
1579 2
1580 3
1581 1
1582 3
1583 1
1584 1
1585 3
1586 2
1587 3
1588 1
1589 3
1590 1
1591 1
1592 1
1593 2
1595 2
1596 1
1597 6
1598 1
1599 2
1600 1
1602 1
1604 3
1605 1
1606 3
1607 2
1608 2
1609 2
1610 2
1613 1
1614 7
1615 2
1617 3
1618 1
1619 1
1620 1
1621 4
1623 4
1624 4
1625 2
1627 2
1628 2
1630 1
1631 2
1632 2
1633 1
1634 2
1635 4
1636 2
1638 3
1639 1
1641 1
1642 4
1644 3
1645 1
1646 3
1647 2
1648 3
1650 3
1653 2
1654 1
1655 1
1656 1
1657 1
1658 1
1659 5
1660 2
1661 1
1662 2
1663 1
1664 3
1665 3
1666 3
1667 2
1668 3
1669 1
1670 2
1671 1
1672 1
1674 2
1675 1
1676 1
1677 1
1678 4
1679 2
1680 1
1682 2
1683 1
1684 3
1685 2
1686 3
1687 2
1688 1
1689 3
1690 1
1691 2
1692 1
1693 2
1694 1
1695 1
1696 3
1697 1
1698 2
1699 2
1700 1
1702 2
1703 2
1704 4
1705 2
1707 1
1708 2
1709 2
1710 1
1712 3
1713 2
1714 2
1715 2
1716 1
1717 2
1718 1
1719 2
1720 3
1722 2
1723 4
1725 1
1726 2
1728 1
1729 4
1730 1
1731 2
1732 1
1735 1
1736 3
1737 2
1738 3
1739 1
1740 3
1741 1
1744 2
1745 1
1746 2
1748 1
1749 3
1750 2
1751 1
1753 1
1755 1
1756 1
1757 3
1758 3
1759 2
1760 1
1761 3
1762 2
1765 1
1766 1
1767 4
1768 3
1769 1
1770 1
1773 1
1774 3
1777 6
1779 2
1780 1
1781 2
1783 1
1785 1
1786 3
1787 1
1788 1
1789 1
1791 2
1792 2
1793 2
1795 2
1797 3
1798 1
1800 4
1801 1
1803 6
1805 3
1807 1
1808 2
1809 4
1811 2
1812 1
1813 5
1814 3
1815 2
1817 2
1819 1
1820 1
1821 1
1822 3
1823 1
1824 4
1825 5
1826 1
1827 1
1828 4
1832 2
1833 3
1835 1
1836 1
1837 2
1838 3
1840 1
1841 1
1842 2
1843 5
1845 3
1846 3
1847 2
1849 2
1850 2
1851 2
1852 1
1855 2
1856 1
1858 3
1859 1
1862 2
1864 3
1867 1
1868 2
1869 1
1870 1
1871 1
1872 1
1873 1
1874 1
1876 1
1877 1
1878 1
1879 1
1880 1
1881 2
1882 1
1883 2
1885 2
1886 2
1887 1
1888 1
1889 1
1890 1
1891 3
1892 1
1893 1
1896 2
1897 1
1898 1
1899 1
1900 2
1905 1
1906 3
1907 1
1908 1
1909 2
1911 2
1912 1
1913 2
1916 3
1918 1
1921 2
1922 3
1923 1
1924 2
1925 2
1926 1
1935 3
1937 1
1938 1
1939 2
1941 1
1942 1
1943 2
1946 3
1947 3
1949 2
1951 1
1952 2
1953 2
1954 2
1956 2
1958 1
1961 4
1962 2
1963 2
1965 1
1968 2
1969 2
1970 1
1972 2
1976 3
1977 1
1978 2
1979 3
1981 1
1982 2
1983 2
1984 1
1988 2
1989 1
1991 1
1992 1
1995 2
1996 1
1999 1
2000 1
2002 3
2004 1
2006 2
2009 1
2011 1
2013 1
2014 3
2015 1
2016 1
2018 3
2019 2
2021 1
2024 1
2025 3
2027 1
2028 1
2029 1
2031 2
2033 1
2038 1
2040 1
2042 2
2045 1
2046 1
2048 2
2049 1
2051 1
2057 1
2059 2
2060 1
2061 2
2062 1
2063 1
2065 2
2067 1
2068 1
2070 1
2072 3
2073 2
2074 2
2075 1
2076 1
2077 1
2078 4
2079 1
2080 3
2081 1
2085 2
2086 3
2088 1
2089 1
2090 1
2091 1
2092 3
2095 3
2096 1
2097 1
2099 2
2102 3
2103 1
2104 1
2107 1
2110 1
2113 2
2114 1
2116 1
2119 1
2120 1
2121 1
2122 1
2128 1
2129 2
2131 2
2132 1
2135 1
2136 1
2137 1
2138 1
2140 1
2141 2
2143 1
2144 1
2145 1
2147 1
2148 2
2151 3
2152 1
2153 1
2155 1
2156 1
2159 1
2164 1
2165 1
2166 1
2167 1
2168 1
2169 1
2170 1
2171 3
2173 1
2175 2
2177 1
2180 1
2181 1
2182 2
2187 2
2188 1
2190 2
2193 2
2195 1
2198 1
2203 1
2205 1
2207 1
2210 1
2212 3
2213 1
2214 1
2217 1
2218 1
2219 1
2220 2
2221 1
2224 1
2228 1
2231 2
2235 1
2237 2
2244 1
2248 1
2249 2
2250 1
2255 2
2257 1
2258 2
2259 2
2260 1
2261 1
2263 1
2265 1
2266 1
2268 1
2270 1
2272 5
2273 1
2274 2
2275 1
2277 1
2279 1
2283 1
2285 2
2286 1
2287 1
2290 1
2294 2
2295 1
2297 1
2299 2
2300 1
2301 1
2302 1
2303 2
2304 1
2306 2
2307 1
2310 2
2311 1
2312 1
2315 1
2316 1
2318 2
2320 1
2323 1
2328 1
2329 1
2333 2
2334 1
2335 1
2337 1
2338 2
2339 1
2341 2
2343 1
2344 2
2345 1
2346 1
2347 1
2348 2
2351 1
2352 1
2355 1
2356 1
2359 1
2360 1
2362 1
2367 2
2370 1
2376 3
2378 1
2379 2
2380 1
2383 2
2384 1
2387 1
2389 1
2391 1
2393 1
2394 1
2395 1
2396 1
2397 1
2398 1
2401 1
2403 3
2407 1
2408 2
2411 1
2415 2
2416 1
2417 2
2418 1
2420 1
2424 1
2425 1
2434 1
2436 1
2437 2
2439 1
2440 1
2441 1
2443 2
2444 1
2445 1
2446 1
2448 1
2452 1
2453 1
2456 1
2458 1
2460 1
2462 2
2464 3
2468 1
2472 2
2474 1
2478 1
2481 1
2483 1
2486 1
2487 1
2489 2
2491 1
2497 1
2498 1
2501 3
2503 1
2504 2
2508 1
2509 2
2510 1
2511 1
2516 1
2520 2
2530 1
2535 1
2536 1
2540 1
2542 1
2544 1
2546 1
2549 1
2551 1
2555 1
2557 1
2558 2
2561 1
2562 1
2563 1
2565 2
2566 1
2567 2
2568 1
2570 2
2574 1
2577 2
2582 1
2583 1
2586 1
2591 1
2592 1
2593 1
2598 1
2601 1
2602 1
2603 1
2609 1
2610 1
2611 1
2620 1
2623 1
2624 2
2625 1
2627 1
2628 1
2630 1
2632 1
2633 1
2634 1
2635 1
2639 1
2644 1
2645 1
2650 1
2652 1
2657 1
2662 1
2663 1
2667 1
2673 1
2674 1
2676 1
2682 1
2685 1
2694 1
2695 1
2696 1
2697 1
2699 3
2702 1
2703 1
2705 1
2706 1
2707 1
2709 1
2710 1
2714 1
2718 1
2721 1
2724 1
2727 1
2728 1
2733 1
2734 1
2735 2
2740 1
2741 1
2742 1
2748 1
2751 1
2757 1
2759 1
2760 1
2761 1
2763 1
2770 1
2772 2
2773 2
2786 1
2790 1
2795 1
2802 2
2804 2
2809 1
2811 1
2815 1
2820 1
2828 1
2830 1
2836 1
2837 1
2838 1
2840 1
2842 1
2846 1
2849 1
2851 1
2852 1
2853 1
2854 1
2855 1
2857 1
2858 1
2867 1
2876 1
2883 1
2884 1
2885 1
2889 2
2890 2
2894 1
2895 2
2897 1
2904 1
2906 1
2914 1
2916 1
2918 1
2923 1
2924 1
2926 1
2928 1
2936 1
2938 1
2940 2
2941 1
2953 1
2956 1
2957 1
2960 1
2961 1
2963 1
2964 1
2966 1
2968 1
2969 1
2979 1
2980 1
2982 1
2988 1
2995 2
2997 1
2999 1
3005 1
3006 1
3012 1
3014 1
3015 1
3019 1
3021 1
3022 1
3028 1
3029 1
3030 1
3035 1
3038 1
3041 2
3048 1
3049 1
3055 1
3056 1
3059 1
3061 1
3062 1
3070 1
3075 4
3077 1
3079 1
3082 1
3084 1
3085 1
3098 1
3100 1
3104 1
3109 1
3115 1
3117 1
3118 1
3126 1
3127 2
3128 1
3134 1
3140 1
3145 1
3148 1
3157 1
3158 1
3159 1
3161 1
3172 1
3173 1
3175 1
3185 1
3188 1
3191 2
3192 1
3194 1
3195 2
3203 1
3219 1
3230 2
3231 1
3234 1
3236 1
3241 1
3242 1
3244 1
3253 1
3257 1
3267 1
3272 1
3284 1
3289 1
3290 1
3293 1
3297 1
3298 2
3305 1
3309 1
3311 2
3321 2
3325 1
3326 1
3328 1
3344 1
3347 1
3364 1
3371 1
3378 1
3385 1
3388 2
3390 2
3391 1
3393 1
3400 1
3401 2
3416 2
3425 2
3430 1
3431 2
3432 1
3436 1
3440 1
3444 1
3456 1
3465 1
3469 1
3471 1
3475 1
3478 1
3479 1
3483 2
3490 1
3496 1
3497 1
3515 1
3521 1
3522 1
3533 1
3534 1
3537 1
3538 1
3542 1
3548 1
3555 1
3562 2
3564 1
3565 1
3566 2
3567 1
3573 1
3580 1
3582 1
3591 1
3594 1
3601 1
3608 1
3612 1
3613 1
3622 1
3624 1
3628 1
3633 1
3636 1
3644 1
3651 1
3659 1
3670 2
3671 1
3675 1
3693 1
3696 1
3697 1
3704 1
3705 1
3707 1
3727 2
3735 1
3745 1
3746 1
3747 1
3755 1
3761 1
3772 1
3773 1
3786 1
3789 1
3795 1
3797 1
3798 1
3799 1
3805 1
3807 1
3808 1
3835 1
3846 1
3849 1
3859 1
3860 1
3864 1
3868 1
3873 1
3881 1
3882 1
3888 1
3896 1
3899 1
3900 1
3903 1
3930 1
3931 1
3955 1
3969 1
3983 2
3989 2
3993 1
3994 1
4001 1
4017 1
4018 1
4032 1
4033 2
4036 1
4037 1
4044 2
4049 1
4057 1
4061 1
4078 1
4081 1
4087 1
4097 1
4098 1
4103 1
4113 1
4120 1
4121 1
4122 1
4131 1
4150 1
4153 1
4164 1
4179 1
4181 1
4185 1
4200 1
4213 1
4226 1
4241 1
4267 2
4277 1
4278 1
4279 1
4293 1
4301 1
4312 1
4326 2
4330 1
4338 1
4343 1
4346 1
4349 1
4355 1
4374 1
4380 1
4382 1
4392 1
4395 1
4403 1
4407 1
4411 1
4425 1
4427 1
4436 1
4446 1
4447 1
4469 1
4475 1
4483 1
4489 1
4490 1
4496 1
4504 1
4516 1
4523 1
4524 1
4525 1
4526 1
4538 1
4547 1
4552 1
4562 1
4578 1
4595 1
4598 1
4600 1
4633 1
4666 1
4681 1
4691 1
4694 1
4716 1
4728 1
4731 1
4744 2
4767 1
4777 1
4803 1
4819 1
4832 1
4837 1
4848 1
4855 1
4875 1
4904 1
4920 1
4921 1
4932 1
4934 1
4939 1
4950 1
4957 1
4967 1
4973 1
4974 1
4977 1
4983 1
5010 1
5011 1
5026 2
5027 1
5060 1
5074 1
5079 1
5095 1
5097 1
5101 1
5119 3
5134 1
5148 1
5158 1
5159 1
5208 1
5215 1
5247 1
5259 1
5279 1
5280 1
5281 2
5284 1
5297 1
5303 1
5327 1
5343 1
5347 1
5368 1
5370 1
5377 1
5401 1
5416 1
5422 1
5425 1
5440 1
5466 1
5469 1
5470 1
5474 1
5513 1
5556 1
5559 1
5570 1
5585 1
5596 1
5603 1
5609 1
5617 1
5621 1
5686 1
5688 1
5724 1
5741 1
5775 1
5785 1
5824 1
5830 1
5901 1
5949 1
5979 1
5981 1
6007 1
6024 1
6029 1
6044 1
6057 1
6058 1
6065 1
6069 1
6075 1
6083 1
6089 1
6092 1
6166 1
6263 1
6270 1
6278 1
6282 1
6298 1
6322 1
6337 1
6347 1
6357 1
6361 1
6377 1
6394 1
6411 1
6415 1
6432 1
6459 1
6464 1
6469 1
6550 1
6598 1
6670 1
6672 1
6733 1
6744 1
6752 1
6787 1
6788 1
6796 1
6846 1
6849 1
6927 1
6961 1
6976 1
7009 1
7027 1
7031 1
7082 1
7087 1
7089 1
7090 1
7232 1
7234 1
7244 1
7248 1
7260 1
7276 1
7295 1
7349 1
7353 1
7387 1
7397 1
7417 1
7427 1
7430 1
7460 1
7466 1
7478 1
7529 1
7544 1
7584 1
7612 1
7728 1
7735 1
7777 1
7784 1
7795 1
7830 1
7880 1
7890 1
7900 1
7935 1
8079 1
8205 1
8236 1
8328 1
8356 1
8366 1
8393 1
8413 1
8465 1
8484 1
8549 1
8594 1
8601 1
8605 1
8647 1
8660 1
8723 1
8827 1
8868 1
8870 1
8992 1
9082 1
9090 1
9159 1
9272 1
9322 1
9493 1
9521 1
9624 1
9693 1
9714 1
9797 1
9901 1
10000 1
10046 1
10085 1
10113 1
10130 1
10197 1
10223 1
10240 1
10303 1
10306 1
10339 1
10400 1
10535 1
10660 1
10674 1
10698 1
10721 1
10771 1
10848 1
10861 1
10956 1
11143 1
11227 1
11359 1
11372 1
11689 1
11843 1
11888 1
11899 1
11920 1
12317 1
12318 1
12335 1
12377 1
12467 1
12482 1
12533 1
12608 1
12839 1
13030 1
13257 1
13317 1
13354 1
13380 1
13423 1
13450 1
13606 1
13632 1
13638 1
13741 1
13773 1
13908 1
14020 1
14100 1
14338 1
14450 1
14516 1
14551 1
14555 1
14566 1
14646 1
14784 1
14798 1
15066 1
15072 1
15220 1
16174 1
16703 1
17437 1
17442 1
18097 1
18180 1
18344 1
19670 1
19735 1
19950 1
20285 1
20968 1
21069 1
21504 1
22226 1
22633 1
23591 1
23632 1
23724 1
23934 1
24005 1
24668 1
25085 1
25200 1
25423 1
25795 1
27317 1
29657 1
33313 1
out degree distribution: 
0 186
1 67767
2 43254
3 38376
4 37457
5 36751
6 36808
7 37060
8 37463
9 37382
10 37876
11 37618
12 37851
13 37307
14 37172
15 37717
16 37368
17 37209
18 37065
19 36429
20 36002
21 35877
22 35256
23 35147
24 35010
25 34183
26 34103
27 33056
28 33002
29 32385
30 32047
31 31302
32 30990
33 30544
34 29697
35 29400
36 29321
37 28934
38 28407
39 27947
40 27281
41 26656
42 26348
43 25557
44 25474
45 24932
46 24317
47 24141
48 23647
49 23159
50 22940
51 22310
52 22111
53 21649
54 21267
55 20752
56 20535
57 19981
58 19828
59 19366
60 19259
61 18589
62 18539
63 18169
64 17687
65 17455
66 17232
67 16704
68 16831
69 16237
70 15879
71 15690
72 15266
73 15101
74 14804
75 14731
76 14286
77 14079
78 13791
79 13616
80 13088
81 12930
82 12720
83 12530
84 12304
85 12152
86 11951
87 11767
88 11643
89 11298
90 11071
91 10949
92 10600
93 10359
94 10375
95 10215
96 9833
97 9751
98 9606
99 9483
100 9252
101 9294
102 9056
103 8822
104 8814
105 8671
106 8276
107 8330
108 7955
109 8131
110 7919
111 7687
112 7756
113 7499
114 7467
115 7152
116 7058
117 7041
118 6927
119 6911
120 6628
121 6598
122 6389
123 6397
124 6197
125 6130
126 6038
127 6118
128 5783
129 5717
130 5795
131 5403
132 5331
133 5419
134 5223
135 5182
136 5126
137 5104
138 4911
139 4826
140 4768
141 4646
142 4769
143 4621
144 4586
145 4497
146 4388
147 4301
148 4269
149 4220
150 4036
151 3898
152 4009
153 3898
154 3929
155 3812
156 3565
157 3746
158 3594
159 3606
160 3516
161 3407
162 3340
163 3339
164 3208
165 3188
166 3179
167 3186
168 3120
169 3130
170 2986
171 2904
172 2936
173 2924
174 2865
175 2871
176 2693
177 2784
178 2651
179 2641
180 2552
181 2526
182 2500
183 2485
184 2464
185 2416
186 2346
187 2355
188 2304
189 2306
190 2258
191 2198
192 2155
193 2111
194 2099
195 2028
196 2021
197 1995
198 1982
199 1983
200 2010
201 1970
202 1926
203 1939
204 1883
205 1883
206 1761
207 1791
208 1700
209 1750
210 1699
211 1761
212 1747
213 1726
214 1641
215 1594
216 1638
217 1607
218 1620
219 1483
220 1510
221 1527
222 1516
223 1475
224 1440
225 1425
226 1365
227 1415
228 1348
229 1333
230 1330
231 1355
232 1308
233 1299
234 1318
235 1263
236 1259
237 1185
238 1246
239 1158
240 1235
241 1170
242 1209
243 1127
244 1153
245 1095
246 1112
247 1024
248 1082
249 1087
250 1089
251 1031
252 1070
253 1046
254 960
255 955
256 982
257 1011
258 959
259 994
260 934
261 917
262 942
263 944
264 926
265 913
266 871
267 871
268 847
269 881
270 833
271 830
272 809
273 793
274 752
275 765
276 774
277 820
278 824
279 798
280 770
281 777
282 748
283 718
284 700
285 735
286 702
287 667
288 666
289 652
290 718
291 671
292 673
293 686
294 634
295 632
296 641
297 646
298 617
299 597
300 601
301 579
302 586
303 611
304 598
305 569
306 590
307 585
308 597
309 547
310 589
311 593
312 530
313 536
314 523
315 547
316 515
317 534
318 503
319 520
320 531
321 508
322 453
323 525
324 494
325 482
326 484
327 447
328 487
329 440
330 463
331 495
332 462
333 433
334 473
335 400
336 470
337 412
338 443
339 430
340 475
341 428
342 440
343 432
344 377
345 388
346 424
347 389
348 399
349 398
350 406
351 383
352 419
353 382
354 378
355 393
356 375
357 362
358 384
359 339
360 382
361 363
362 352
363 351
364 355
365 338
366 337
367 320
368 351
369 342
370 318
371 333
372 323
373 320
374 299
375 302
376 306
377 316
378 303
379 301
380 283
381 318
382 292
383 311
384 297
385 259
386 281
387 313
388 290
389 277
390 260
391 277
392 264
393 263
394 260
395 265
396 284
397 260
398 259
399 229
400 243
401 246
402 256
403 249
404 272
405 222
406 234
407 225
408 262
409 259
410 252
411 285
412 223
413 260
414 224
415 226
416 252
417 246
418 226
419 231
420 246
421 221
422 227
423 220
424 216
425 217
426 201
427 195
428 212
429 220
430 217
431 221
432 233
433 185
434 238
435 218
436 208
437 219
438 203
439 214
440 215
441 185
442 172
443 209
444 185
445 172
446 207
447 202
448 209
449 196
450 172
451 171
452 191
453 177
454 178
455 181
456 171
457 188
458 161
459 167
460 172
461 178
462 182
463 181
464 196
465 193
466 159
467 185
468 158
469 173
470 149
471 139
472 178
473 164
474 158
475 168
476 154
477 143
478 150
479 153
480 135
481 162
482 161
483 156
484 169
485 153
486 130
487 156
488 171
489 133
490 136
491 171
492 123
493 142
494 139
495 132
496 149
497 135
498 138
499 139
500 121
501 165
502 123
503 142
504 140
505 145
506 149
507 116
508 143
509 129
510 138
511 121
512 128
513 117
514 126
515 130
516 132
517 124
518 114
519 131
520 123
521 125
522 119
523 117
524 122
525 119
526 104
527 118
528 142
529 123
530 121
531 125
532 106
533 115
534 116
535 121
536 121
537 111
538 112
539 85
540 122
541 128
542 116
543 122
544 99
545 104
546 109
547 107
548 101
549 94
550 111
551 106
552 126
553 115
554 103
555 96
556 117
557 111
558 90
559 97
560 108
561 106
562 98
563 94
564 102
565 112
566 94
567 89
568 87
569 124
570 115
571 111
572 90
573 108
574 86
575 98
576 112
577 114
578 106
579 99
580 101
581 103
582 93
583 93
584 114
585 94
586 91
587 82
588 104
589 83
590 87
591 95
592 88
593 87
594 100
595 94
596 97
597 93
598 97
599 108
600 86
601 93
602 87
603 89
604 87
605 100
606 96
607 107
608 97
609 67
610 87
611 91
612 86
613 94
614 85
615 87
616 94
617 91
618 78
619 73
620 87
621 84
622 98
623 89
624 84
625 87
626 83
627 98
628 79
629 88
630 87
631 100
632 76
633 88
634 68
635 88
636 89
637 73
638 79
639 77
640 94
641 75
642 82
643 62
644 80
645 77
646 72
647 79
648 90
649 100
650 69
651 82
652 78
653 80
654 73
655 87
656 81
657 71
658 85
659 68
660 75
661 66
662 63
663 83
664 97
665 92
666 65
667 71
668 72
669 77
670 78
671 80
672 78
673 76
674 64
675 61
676 68
677 78
678 75
679 71
680 63
681 79
682 77
683 68
684 71
685 66
686 83
687 60
688 93
689 87
690 50
691 87
692 62
693 75
694 81
695 78
696 76
697 62
698 64
699 56
700 62
701 62
702 63
703 69
704 73
705 83
706 62
707 77
708 62
709 57
710 74
711 64
712 63
713 62
714 64
715 65
716 66
717 67
718 70
719 72
720 69
721 59
722 64
723 79
724 72
725 74
726 49
727 53
728 38
729 73
730 60
731 62
732 54
733 63
734 53
735 71
736 60
737 53
738 63
739 53
740 61
741 66
742 70
743 53
744 49
745 66
746 72
747 55
748 52
749 52
750 50
751 86
752 61
753 61
754 49
755 57
756 60
757 62
758 47
759 61
760 75
761 68
762 52
763 43
764 62
765 49
766 43
767 52
768 48
769 63
770 66
771 53
772 49
773 40
774 61
775 43
776 49
777 65
778 50
779 62
780 60
781 53
782 57
783 53
784 48
785 63
786 60
787 62
788 54
789 57
790 53
791 53
792 52
793 53
794 56
795 43
796 39
797 61
798 50
799 47
800 55
801 51
802 50
803 47
804 61
805 54
806 46
807 37
808 43
809 45
810 43
811 47
812 45
813 52
814 48
815 59
816 35
817 60
818 39
819 35
820 47
821 49
822 47
823 65
824 46
825 38
826 47
827 52
828 44
829 41
830 41
831 60
832 46
833 47
834 49
835 31
836 38
837 51
838 49
839 34
840 42
841 50
842 40
843 34
844 47
845 46
846 39
847 43
848 45
849 38
850 38
851 41
852 26
853 44
854 45
855 41
856 35
857 42
858 39
859 42
860 46
861 40
862 44
863 46
864 49
865 36
866 31
867 42
868 51
869 39
870 30
871 45
872 39
873 35
874 29
875 29
876 43
877 30
878 46
879 32
880 37
881 34
882 40
883 29
884 27
885 25
886 30
887 30
888 39
889 29
890 33
891 34
892 28
893 28
894 31
895 22
896 31
897 36
898 40
899 25
900 34
901 45
902 25
903 31
904 26
905 28
906 32
907 24
908 31
909 27
910 32
911 24
912 26
913 29
914 24
915 20
916 32
917 26
918 20
919 20
920 20
921 24
922 23
923 14
924 22
925 24
926 25
927 28
928 22
929 18
930 22
931 17
932 22
933 13
934 18
935 21
936 16
937 16
938 21
939 23
940 14
941 16
942 18
943 21
944 21
945 17
946 17
947 16
948 20
949 15
950 15
951 31
952 21
953 14
954 11
955 12
956 18
957 19
958 9
959 19
960 10
961 18
962 19
963 19
964 20
965 11
966 18
967 21
968 24
969 14
970 20
971 22
972 12
973 15
974 16
975 15
976 15
977 14
978 14
979 8
980 11
981 10
982 22
983 9
984 12
985 14
986 13
987 19
988 13
989 13
990 11
991 17
992 20
993 23
994 11
995 12
996 23
997 10
998 6
999 18
1000 17
1001 17
1002 17
1003 13
1004 13
1005 18
1006 14
1007 10
1008 17
1009 10
1010 11
1011 10
1012 14
1013 7
1014 12
1015 9
1016 14
1017 14
1018 3
1019 8
1020 11
1021 18
1022 10
1023 10
1024 14
1025 11
1026 14
1027 8
1028 14
1029 7
1030 8
1031 4
1032 3
1033 5
1034 9
1035 7
1036 8
1037 9
1038 6
1039 8
1040 13
1041 10
1042 9
1043 12
1044 12
1045 12
1046 8
1047 4
1048 8
1049 6
1050 12
1051 8
1052 6
1053 5
1054 6
1055 9
1056 10
1057 15
1058 5
1059 8
1060 9
1061 10
1062 7
1063 4
1064 6
1065 4
1066 10
1067 8
1068 12
1069 3
1070 8
1071 8
1072 3
1073 7
1074 10
1075 9
1076 5
1077 11
1078 10
1079 8
1080 5
1081 6
1082 8
1083 11
1084 3
1085 6
1086 3
1087 8
1088 13
1089 5
1090 5
1091 3
1092 4
1093 7
1094 11
1095 5
1096 11
1097 8
1098 3
1099 6
1100 5
1101 4
1102 4
1103 10
1104 5
1105 3
1106 3
1107 6
1108 7
1109 9
1110 11
1111 5
1112 8
1113 5
1114 7
1115 8
1116 7
1117 9
1118 5
1119 8
1120 3
1121 10
1122 10
1123 7
1124 4
1125 5
1126 6
1127 6
1128 5
1129 14
1130 7
1131 4
1132 6
1133 8
1134 4
1135 5
1136 7
1137 4
1138 6
1139 5
1140 9
1141 6
1142 7
1143 2
1144 4
1145 3
1146 6
1147 9
1148 3
1149 7
1150 7
1151 4
1152 5
1153 7
1154 7
1155 6
1156 9
1157 7
1158 5
1159 4
1160 2
1161 8
1162 5
1163 3
1164 6
1165 2
1166 6
1167 9
1168 2
1169 3
1170 6
1171 2
1172 3
1173 6
1174 4
1175 8
1176 3
1177 5
1178 8
1179 8
1180 14
1181 6
1182 4
1183 6
1184 4
1185 2
1186 8
1187 6
1188 9
1189 6
1190 6
1191 7
1192 9
1193 5
1194 7
1195 8
1196 5
1197 3
1198 3
1199 7
1200 8
1201 8
1202 6
1204 3
1205 2
1206 3
1207 3
1208 10
1209 2
1210 4
1211 3
1212 5
1213 4
1214 2
1215 5
1216 1
1217 4
1218 8
1219 5
1220 7
1221 6
1222 2
1223 2
1224 5
1225 2
1226 4
1227 4
1228 1
1229 6
1230 4
1231 3
1232 3
1233 3
1234 5
1235 8
1236 11
1237 2
1238 8
1239 5
1240 4
1241 4
1242 2
1243 3
1244 5
1245 2
1246 7
1247 8
1248 3
1249 3
1250 4
1251 2
1252 6
1253 1
1254 2
1255 6
1256 5
1257 6
1258 5
1259 7
1260 4
1261 3
1262 1
1263 8
1264 9
1265 3
1266 2
1267 4
1268 8
1269 5
1270 3
1271 5
1272 1
1273 3
1274 3
1275 4
1276 6
1277 5
1278 6
1279 1
1280 4
1281 2
1282 3
1283 2
1284 7
1285 4
1286 2
1287 4
1288 4
1289 4
1290 5
1291 3
1292 3
1293 5
1294 4
1295 6
1296 3
1297 7
1298 2
1299 4
1300 2
1301 4
1302 5
1303 2
1304 1
1305 3
1306 5
1307 3
1308 5
1309 2
1310 4
1311 5
1312 3
1315 3
1316 1
1317 1
1318 6
1319 1
1320 2
1321 7
1322 5
1323 1
1324 1
1325 3
1326 4
1327 2
1328 3
1329 2
1330 3
1331 4
1332 3
1333 5
1334 2
1335 1
1336 2
1337 4
1338 5
1339 4
1340 2
1341 3
1342 4
1343 5
1344 4
1345 1
1346 4
1347 3
1348 4
1349 7
1350 2
1351 2
1352 2
1353 3
1354 2
1356 6
1357 4
1358 4
1359 6
1360 5
1361 3
1362 3
1363 6
1364 2
1365 4
1366 1
1367 1
1368 6
1369 3
1370 3
1371 2
1372 4
1373 4
1374 4
1375 4
1376 1
1377 2
1379 3
1380 1
1381 2
1383 1
1384 4
1385 3
1386 5
1387 3
1389 4
1390 1
1391 5
1392 2
1393 2
1395 1
1396 5
1397 3
1398 1
1399 9
1400 4
1401 7
1402 4
1403 1
1404 4
1405 2
1406 1
1407 4
1408 6
1409 5
1410 3
1411 3
1412 2
1413 3
1414 2
1415 3
1416 2
1417 4
1420 2
1421 3
1422 1
1423 3
1424 3
1425 3
1426 1
1427 3
1428 5
1429 2
1430 1
1431 1
1433 3
1434 3
1435 2
1436 4
1437 3
1438 5
1439 5
1440 3
1441 1
1442 2
1443 5
1444 6
1445 2
1446 1
1447 3
1448 3
1449 2
1450 4
1451 5
1453 3
1454 2
1455 1
1456 3
1457 4
1458 6
1459 1
1460 4
1461 3
1462 5
1463 4
1464 4
1465 4
1466 1
1467 2
1468 1
1469 5
1470 3
1471 1
1472 2
1473 2
1474 1
1475 1
1476 2
1477 6
1478 3
1479 3
1480 1
1481 5
1482 3
1483 1
1484 2
1485 4
1486 3
1487 3
1488 1
1489 1
1490 2
1491 4
1493 1
1494 2
1495 5
1496 4
1497 2
1498 1
1500 3
1501 4
1502 4
1503 3
1504 4
1505 2
1506 2
1507 3
1508 1
1509 1
1510 3
1511 3
1512 4
1513 1
1515 2
1516 3
1517 4
1518 4
1519 5
1520 3
1521 2
1522 2
1523 6
1524 3
1525 3
1526 2
1528 1
1529 3
1530 3
1531 2
1532 2
1535 4
1536 2
1537 2
1538 5
1539 2
1540 2
1541 2
1542 2
1543 2
1544 1
1545 3
1547 3
1549 4
1550 1
1552 1
1553 1
1554 2
1555 5
1556 4
1557 2
1558 2
1560 2
1561 1
1562 2
1565 2
1566 3
1567 2
1568 5
1569 3
1570 1
1571 1
1573 3
1574 3
1575 1
1576 1
1577 3
1578 2
1579 2
1580 3
1581 1
1582 3
1583 1
1584 1
1585 3
1586 2
1587 3
1588 1
1589 3
1590 1
1591 1
1592 1
1593 2
1595 2
1596 1
1597 6
1598 1
1599 2
1600 1
1602 1
1604 3
1605 1
1606 3
1607 2
1608 2
1609 2
1610 2
1613 1
1614 7
1615 2
1617 3
1618 1
1619 1
1620 1
1621 4
1623 4
1624 4
1625 2
1627 2
1628 2
1630 1
1631 2
1632 2
1633 1
1634 2
1635 4
1636 2
1638 3
1639 1
1641 1
1642 4
1644 3
1645 1
1646 3
1647 2
1648 3
1650 3
1653 2
1654 1
1655 1
1656 1
1657 1
1658 1
1659 5
1660 2
1661 1
1662 2
1663 1
1664 3
1665 3
1666 3
1667 2
1668 3
1669 1
1670 2
1671 1
1672 1
1674 2
1675 1
1676 1
1677 1
1678 4
1679 2
1680 1
1682 2
1683 1
1684 3
1685 2
1686 3
1687 2
1688 1
1689 3
1690 1
1691 2
1692 1
1693 2
1694 1
1695 1
1696 3
1697 1
1698 2
1699 2
1700 1
1702 2
1703 2
1704 4
1705 2
1707 1
1708 2
1709 2
1710 1
1712 3
1713 2
1714 2
1715 2
1716 1
1717 2
1718 1
1719 2
1720 3
1722 2
1723 4
1725 1
1726 2
1728 1
1729 4
1730 1
1731 2
1732 1
1735 1
1736 3
1737 2
1738 3
1739 1
1740 3
1741 1
1744 2
1745 1
1746 2
1748 1
1749 3
1750 2
1751 1
1753 1
1755 1
1756 1
1757 3
1758 3
1759 2
1760 1
1761 3
1762 2
1765 1
1766 1
1767 4
1768 3
1769 1
1770 1
1773 1
1774 3
1777 6
1779 2
1780 1
1781 2
1783 1
1785 1
1786 3
1787 1
1788 1
1789 1
1791 2
1792 2
1793 2
1795 2
1797 3
1798 1
1800 4
1801 1
1803 6
1805 3
1807 1
1808 2
1809 4
1811 2
1812 1
1813 5
1814 3
1815 2
1817 2
1819 1
1820 1
1821 1
1822 3
1823 1
1824 4
1825 5
1826 1
1827 1
1828 4
1832 2
1833 3
1835 1
1836 1
1837 2
1838 3
1840 1
1841 1
1842 2
1843 5
1845 3
1846 3
1847 2
1849 2
1850 2
1851 2
1852 1
1855 2
1856 1
1858 3
1859 1
1862 2
1864 3
1867 1
1868 2
1869 1
1870 1
1871 1
1872 1
1873 1
1874 1
1876 1
1877 1
1878 1
1879 1
1880 1
1881 2
1882 1
1883 2
1885 2
1886 2
1887 1
1888 1
1889 1
1890 1
1891 3
1892 1
1893 1
1896 2
1897 1
1898 1
1899 1
1900 2
1905 1
1906 3
1907 1
1908 1
1909 2
1911 2
1912 1
1913 2
1916 3
1918 1
1921 2
1922 3
1923 1
1924 2
1925 2
1926 1
1935 3
1937 1
1938 1
1939 2
1941 1
1942 1
1943 2
1946 3
1947 3
1949 2
1951 1
1952 2
1953 2
1954 2
1956 2
1958 1
1961 4
1962 2
1963 2
1965 1
1968 2
1969 2
1970 1
1972 2
1976 3
1977 1
1978 2
1979 3
1981 1
1982 2
1983 2
1984 1
1988 2
1989 1
1991 1
1992 1
1995 2
1996 1
1999 1
2000 1
2002 3
2004 1
2006 2
2009 1
2011 1
2013 1
2014 3
2015 1
2016 1
2018 3
2019 2
2021 1
2024 1
2025 3
2027 1
2028 1
2029 1
2031 2
2033 1
2038 1
2040 1
2042 2
2045 1
2046 1
2048 2
2049 1
2051 1
2057 1
2059 2
2060 1
2061 2
2062 1
2063 1
2065 2
2067 1
2068 1
2070 1
2072 3
2073 2
2074 2
2075 1
2076 1
2077 1
2078 4
2079 1
2080 3
2081 1
2085 2
2086 3
2088 1
2089 1
2090 1
2091 1
2092 3
2095 3
2096 1
2097 1
2099 2
2102 3
2103 1
2104 1
2107 1
2110 1
2113 2
2114 1
2116 1
2119 1
2120 1
2121 1
2122 1
2128 1
2129 2
2131 2
2132 1
2135 1
2136 1
2137 1
2138 1
2140 1
2141 2
2143 1
2144 1
2145 1
2147 1
2148 2
2151 3
2152 1
2153 1
2155 1
2156 1
2159 1
2164 1
2165 1
2166 1
2167 1
2168 1
2169 1
2170 1
2171 3
2173 1
2175 2
2177 1
2180 1
2181 1
2182 2
2187 2
2188 1
2190 2
2193 2
2195 1
2198 1
2203 1
2205 1
2207 1
2210 1
2212 3
2213 1
2214 1
2217 1
2218 1
2219 1
2220 2
2221 1
2224 1
2228 1
2231 2
2235 1
2237 2
2244 1
2248 1
2249 2
2250 1
2255 2
2257 1
2258 2
2259 2
2260 1
2261 1
2263 1
2265 1
2266 1
2268 1
2270 1
2272 5
2273 1
2274 2
2275 1
2277 1
2279 1
2283 1
2285 2
2286 1
2287 1
2290 1
2294 2
2295 1
2297 1
2299 2
2300 1
2301 1
2302 1
2303 2
2304 1
2306 2
2307 1
2310 2
2311 1
2312 1
2315 1
2316 1
2318 2
2320 1
2323 1
2328 1
2329 1
2333 2
2334 1
2335 1
2337 1
2338 2
2339 1
2341 2
2343 1
2344 2
2345 1
2346 1
2347 1
2348 2
2351 1
2352 1
2355 1
2356 1
2359 1
2360 1
2362 1
2367 2
2370 1
2376 3
2378 1
2379 2
2380 1
2383 2
2384 1
2387 1
2389 1
2391 1
2393 1
2394 1
2395 1
2396 1
2397 1
2398 1
2401 1
2403 3
2407 1
2408 2
2411 1
2415 2
2416 1
2417 2
2418 1
2420 1
2424 1
2425 1
2434 1
2436 1
2437 2
2439 1
2440 1
2441 1
2443 2
2444 1
2445 1
2446 1
2448 1
2452 1
2453 1
2456 1
2458 1
2460 1
2462 2
2464 3
2468 1
2472 2
2474 1
2478 1
2481 1
2483 1
2486 1
2487 1
2489 2
2491 1
2497 1
2498 1
2501 3
2503 1
2504 2
2508 1
2509 2
2510 1
2511 1
2516 1
2520 2
2530 1
2535 1
2536 1
2540 1
2542 1
2544 1
2546 1
2549 1
2551 1
2555 1
2557 1
2558 2
2561 1
2562 1
2563 1
2565 2
2566 1
2567 2
2568 1
2570 2
2574 1
2577 2
2582 1
2583 1
2586 1
2591 1
2592 1
2593 1
2598 1
2601 1
2602 1
2603 1
2609 1
2610 1
2611 1
2620 1
2623 1
2624 2
2625 1
2627 1
2628 1
2630 1
2632 1
2633 1
2634 1
2635 1
2639 1
2644 1
2645 1
2650 1
2652 1
2657 1
2662 1
2663 1
2667 1
2673 1
2674 1
2676 1
2682 1
2685 1
2694 1
2695 1
2696 1
2697 1
2699 3
2702 1
2703 1
2705 1
2706 1
2707 1
2709 1
2710 1
2714 1
2718 1
2721 1
2724 1
2727 1
2728 1
2733 1
2734 1
2735 2
2740 1
2741 1
2742 1
2748 1
2751 1
2757 1
2759 1
2760 1
2761 1
2763 1
2770 1
2772 2
2773 2
2786 1
2790 1
2795 1
2802 2
2804 2
2809 1
2811 1
2815 1
2820 1
2828 1
2830 1
2836 1
2837 1
2838 1
2840 1
2842 1
2846 1
2849 1
2851 1
2852 1
2853 1
2854 1
2855 1
2857 1
2858 1
2867 1
2876 1
2883 1
2884 1
2885 1
2889 2
2890 2
2894 1
2895 2
2897 1
2904 1
2906 1
2914 1
2916 1
2918 1
2923 1
2924 1
2926 1
2928 1
2936 1
2938 1
2940 2
2941 1
2953 1
2956 1
2957 1
2960 1
2961 1
2963 1
2964 1
2966 1
2968 1
2969 1
2979 1
2980 1
2982 1
2988 1
2995 2
2997 1
2999 1
3005 1
3006 1
3012 1
3014 1
3015 1
3019 1
3021 1
3022 1
3028 1
3029 1
3030 1
3035 1
3038 1
3041 2
3048 1
3049 1
3055 1
3056 1
3059 1
3061 1
3062 1
3070 1
3075 4
3077 1
3079 1
3082 1
3084 1
3085 1
3098 1
3100 1
3104 1
3109 1
3115 1
3117 1
3118 1
3126 1
3127 2
3128 1
3134 1
3140 1
3145 1
3148 1
3157 1
3158 1
3159 1
3161 1
3172 1
3173 1
3175 1
3185 1
3188 1
3191 2
3192 1
3194 1
3195 2
3203 1
3219 1
3230 2
3231 1
3234 1
3236 1
3241 1
3242 1
3244 1
3253 1
3257 1
3267 1
3272 1
3284 1
3289 1
3290 1
3293 1
3297 1
3298 2
3305 1
3309 1
3311 2
3321 2
3325 1
3326 1
3328 1
3344 1
3347 1
3364 1
3371 1
3378 1
3385 1
3388 2
3390 2
3391 1
3393 1
3400 1
3401 2
3416 2
3425 2
3430 1
3431 2
3432 1
3436 1
3440 1
3444 1
3456 1
3465 1
3469 1
3471 1
3475 1
3478 1
3479 1
3483 2
3490 1
3496 1
3497 1
3515 1
3521 1
3522 1
3533 1
3534 1
3537 1
3538 1
3542 1
3548 1
3555 1
3562 2
3564 1
3565 1
3566 2
3567 1
3573 1
3580 1
3582 1
3591 1
3594 1
3601 1
3608 1
3612 1
3613 1
3622 1
3624 1
3628 1
3633 1
3636 1
3644 1
3651 1
3659 1
3670 2
3671 1
3675 1
3693 1
3696 1
3697 1
3704 1
3705 1
3707 1
3727 2
3735 1
3745 1
3746 1
3747 1
3755 1
3761 1
3772 1
3773 1
3786 1
3789 1
3795 1
3797 1
3798 1
3799 1
3805 1
3807 1
3808 1
3835 1
3846 1
3849 1
3859 1
3860 1
3864 1
3868 1
3873 1
3881 1
3882 1
3888 1
3896 1
3899 1
3900 1
3903 1
3930 1
3931 1
3955 1
3969 1
3983 2
3989 2
3993 1
3994 1
4001 1
4017 1
4018 1
4032 1
4033 2
4036 1
4037 1
4044 2
4049 1
4057 1
4061 1
4078 1
4081 1
4087 1
4097 1
4098 1
4103 1
4113 1
4120 1
4121 1
4122 1
4131 1
4150 1
4153 1
4164 1
4179 1
4181 1
4185 1
4200 1
4213 1
4226 1
4241 1
4267 2
4277 1
4278 1
4279 1
4293 1
4301 1
4312 1
4326 2
4330 1
4338 1
4343 1
4346 1
4349 1
4355 1
4374 1
4380 1
4382 1
4392 1
4395 1
4403 1
4407 1
4411 1
4425 1
4427 1
4436 1
4446 1
4447 1
4469 1
4475 1
4483 1
4489 1
4490 1
4496 1
4504 1
4516 1
4523 1
4524 1
4525 1
4526 1
4538 1
4547 1
4552 1
4562 1
4578 1
4595 1
4598 1
4600 1
4633 1
4666 1
4681 1
4691 1
4694 1
4716 1
4728 1
4731 1
4744 2
4767 1
4777 1
4803 1
4819 1
4832 1
4837 1
4848 1
4855 1
4875 1
4904 1
4920 1
4921 1
4932 1
4934 1
4939 1
4950 1
4957 1
4967 1
4973 1
4974 1
4977 1
4983 1
5010 1
5011 1
5026 2
5027 1
5060 1
5074 1
5079 1
5095 1
5097 1
5101 1
5119 3
5134 1
5148 1
5158 1
5159 1
5208 1
5215 1
5247 1
5259 1
5279 1
5280 1
5281 2
5284 1
5297 1
5303 1
5327 1
5343 1
5347 1
5368 1
5370 1
5377 1
5401 1
5416 1
5422 1
5425 1
5440 1
5466 1
5469 1
5470 1
5474 1
5513 1
5556 1
5559 1
5570 1
5585 1
5596 1
5603 1
5609 1
5617 1
5621 1
5686 1
5688 1
5724 1
5741 1
5775 1
5785 1
5824 1
5830 1
5901 1
5949 1
5979 1
5981 1
6007 1
6024 1
6029 1
6044 1
6057 1
6058 1
6065 1
6069 1
6075 1
6083 1
6089 1
6092 1
6166 1
6263 1
6270 1
6278 1
6282 1
6298 1
6322 1
6337 1
6347 1
6357 1
6361 1
6377 1
6394 1
6411 1
6415 1
6432 1
6459 1
6464 1
6469 1
6550 1
6598 1
6670 1
6672 1
6733 1
6744 1
6752 1
6787 1
6788 1
6796 1
6846 1
6849 1
6927 1
6961 1
6976 1
7009 1
7027 1
7031 1
7082 1
7087 1
7089 1
7090 1
7232 1
7234 1
7244 1
7248 1
7260 1
7276 1
7295 1
7349 1
7353 1
7387 1
7397 1
7417 1
7427 1
7430 1
7460 1
7466 1
7478 1
7529 1
7544 1
7584 1
7612 1
7728 1
7735 1
7777 1
7784 1
7795 1
7830 1
7880 1
7890 1
7900 1
7935 1
8079 1
8205 1
8236 1
8328 1
8356 1
8366 1
8393 1
8413 1
8465 1
8484 1
8549 1
8594 1
8601 1
8605 1
8647 1
8660 1
8723 1
8827 1
8868 1
8870 1
8992 1
9082 1
9090 1
9159 1
9272 1
9322 1
9493 1
9521 1
9624 1
9693 1
9714 1
9797 1
9901 1
10000 1
10046 1
10085 1
10113 1
10130 1
10197 1
10223 1
10240 1
10303 1
10306 1
10339 1
10400 1
10535 1
10660 1
10674 1
10698 1
10721 1
10771 1
10848 1
10861 1
10956 1
11143 1
11227 1
11359 1
11372 1
11689 1
11843 1
11888 1
11899 1
11920 1
12317 1
12318 1
12335 1
12377 1
12467 1
12482 1
12533 1
12608 1
12839 1
13030 1
13257 1
13317 1
13354 1
13380 1
13423 1
13450 1
13606 1
13632 1
13638 1
13741 1
13773 1
13908 1
14020 1
14100 1
14338 1
14450 1
14516 1
14551 1
14555 1
14566 1
14646 1
14784 1
14798 1
15066 1
15072 1
15220 1
16174 1
16703 1
17437 1
17442 1
18097 1
18180 1
18344 1
19670 1
19735 1
19950 1
20285 1
20968 1
21069 1
21504 1
22226 1
22633 1
23591 1
23632 1
23724 1
23934 1
24005 1
24668 1
25085 1
25200 1
25423 1
25795 1
27317 1
29657 1
33313 1
read/write bytes 1196430358 15362200
frontier distribution: 
1 37 2544 149813 1547706 1359707 12566 67 
read/write bytes 1196430358 15362200
frontier distribution: 
1 115 19346 444077 2397358 210187 1345 12 
read/write bytes 1196430358 15362200
frontier distribution: 
1 253 22320 1104352 1851333 93284 877 21 
read/write bytes 1196430358 15362200
frontier distribution: 
1 27 2105 129512 1671593 1258463 10561 179 
read/write bytes 1196430358 15362200
frontier distribution: 
1 58 5404 326646 2071325 666690 2300 17 
read/write bytes 1196430358 15362200
frontier distribution: 
1 133 7540 345767 1850545 866183 2250 22 
read/write bytes 1196430358 15362200
frontier distribution: 
1 31 1974 132002 1583472 1342244 12638 79 
read/write bytes 1196430358 15362200
frontier distribution: 
1 11 908 65237 2043189 955260 7809 26 
read/write bytes 1196430358 15362200
frontier distribution: 
1 26 1520 71040 1270740 1688347 40627 140 
read/write bytes 1196430358 15362200
frontier distribution: 
1 117 9770 434127 1920707 705524 2172 23 
BFS rum time: 2.08157 seconds.
