vertex num: 4036538
edge num: 34681189
Zero outgoing vertex percentage is 0.0095567
in degree distribution: 
0 38576
1 785930
2 429508
3 297585
4 229241
5 184674
6 154302
7 133175
8 115312
9 102450
10 91146
11 82732
12 76106
13 68355
14 63127
15 58224
16 54050
17 50224
18 46941
19 43683
20 40957
21 38158
22 35751
23 33969
24 31744
25 30028
26 28314
27 26924
28 25462
29 24161
30 22973
31 21734
32 20689
33 19632
34 18749
35 18042
36 17065
37 16086
38 15354
39 14510
40 13906
41 13428
42 12668
43 12151
44 11746
45 11436
46 10891
47 10473
48 10169
49 9673
50 9288
51 8892
52 8558
53 8061
54 7712
55 7528
56 7265
57 6978
58 6560
59 6287
60 6173
61 5947
62 5858
63 5524
64 5432
65 5167
66 5079
67 4855
68 4636
69 4472
70 4289
71 4266
72 4014
73 3969
74 3641
75 3827
76 3543
77 3476
78 3437
79 3270
80 3236
81 3028
82 3011
83 2866
84 2881
85 2788
86 2630
87 2441
88 2432
89 2473
90 2313
91 2432
92 2247
93 2238
94 2109
95 2010
96 2093
97 1904
98 1881
99 1778
100 1807
101 1746
102 1638
103 1662
104 1661
105 1576
106 1566
107 1478
108 1452
109 1372
110 1408
111 1365
112 1322
113 1328
114 1251
115 1230
116 1285
117 1147
118 1183
119 1068
120 1099
121 1045
122 1061
123 952
124 991
125 988
126 980
127 854
128 825
129 893
130 869
131 886
132 860
133 794
134 809
135 779
136 713
137 789
138 727
139 747
140 676
141 662
142 716
143 656
144 598
145 637
146 682
147 604
148 628
149 562
150 552
151 562
152 575
153 513
154 519
155 488
156 540
157 497
158 469
159 481
160 507
161 494
162 466
163 441
164 406
165 421
166 426
167 373
168 417
169 387
170 390
171 393
172 384
173 394
174 395
175 440
176 392
177 328
178 352
179 336
180 316
181 361
182 327
183 325
184 309
185 350
186 329
187 314
188 304
189 336
190 327
191 277
192 259
193 303
194 277
195 288
196 283
197 273
198 261
199 263
200 290
201 248
202 253
203 237
204 247
205 233
206 266
207 286
208 210
209 220
210 208
211 211
212 212
213 239
214 224
215 218
216 196
217 209
218 219
219 185
220 180
221 192
222 224
223 198
224 168
225 193
226 165
227 173
228 167
229 156
230 161
231 149
232 154
233 140
234 169
235 161
236 150
237 180
238 145
239 143
240 170
241 157
242 150
243 134
244 139
245 127
246 140
247 120
248 129
249 116
250 132
251 111
252 124
253 117
254 119
255 104
256 117
257 107
258 109
259 118
260 118
261 107
262 92
263 105
264 91
265 113
266 109
267 117
268 96
269 109
270 103
271 93
272 102
273 114
274 80
275 100
276 98
277 93
278 94
279 103
280 100
281 109
282 87
283 64
284 82
285 97
286 81
287 94
288 76
289 80
290 85
291 70
292 63
293 63
294 76
295 97
296 76
297 69
298 76
299 76
300 75
301 67
302 70
303 80
304 73
305 75
306 73
307 55
308 79
309 57
310 77
311 71
312 74
313 66
314 74
315 66
316 64
317 58
318 74
319 63
320 63
321 59
322 59
323 63
324 67
325 72
326 59
327 53
328 60
329 57
330 60
331 58
332 55
333 64
334 60
335 43
336 64
337 49
338 45
339 60
340 30
341 51
342 48
343 52
344 51
345 53
346 47
347 49
348 43
349 39
350 48
351 52
352 59
353 43
354 38
355 45
356 47
357 47
358 49
359 47
360 48
361 48
362 45
363 42
364 40
365 30
366 35
367 44
368 34
369 43
370 34
371 46
372 45
373 44
374 48
375 50
376 39
377 41
378 39
379 41
380 39
381 34
382 43
383 52
384 41
385 43
386 39
387 38
388 69
389 67
390 80
391 50
392 44
393 33
394 38
395 45
396 36
397 36
398 45
399 25
400 30
401 34
402 30
403 36
404 28
405 45
406 36
407 33
408 41
409 31
410 29
411 44
412 39
413 38
414 41
415 38
416 39
417 37
418 33
419 41
420 26
421 33
422 25
423 35
424 32
425 35
426 34
427 28
428 19
429 29
430 24
431 25
432 32
433 35
434 23
435 32
436 34
437 33
438 34
439 26
440 35
441 35
442 30
443 29
444 37
445 31
446 24
447 24
448 23
449 20
450 20
451 18
452 25
453 23
454 17
455 13
456 30
457 16
458 26
459 20
460 26
461 17
462 18
463 22
464 25
465 27
466 23
467 27
468 22
469 14
470 23
471 19
472 22
473 13
474 18
475 11
476 16
477 27
478 13
479 10
480 18
481 30
482 12
483 22
484 25
485 18
486 16
487 23
488 14
489 22
490 19
491 21
492 27
493 21
494 24
495 12
496 22
497 17
498 16
499 22
500 21
501 22
502 16
503 18
504 13
505 10
506 20
507 23
508 15
509 14
510 9
511 15
512 11
513 29
514 18
515 16
516 16
517 11
518 14
519 13
520 15
521 14
522 11
523 10
524 13
525 16
526 6
527 18
528 9
529 13
530 9
531 7
532 13
533 6
534 13
535 10
536 6
537 12
538 11
539 9
540 16
541 12
542 9
543 14
544 11
545 11
546 11
547 8
548 18
549 8
550 17
551 13
552 13
553 10
554 12
555 14
556 11
557 17
558 9
559 16
560 9
561 6
562 9
563 14
564 10
565 18
566 8
567 15
568 15
569 19
570 16
571 8
572 4
573 7
574 5
575 10
576 11
577 8
578 14
579 13
580 12
581 13
582 9
583 15
584 8
585 15
586 18
587 9
588 8
589 14
590 16
591 13
592 10
593 11
594 14
595 15
596 14
597 11
598 9
599 15
600 6
601 11
602 10
603 10
604 10
605 12
606 8
607 12
608 10
609 7
610 6
611 11
612 5
613 12
614 10
615 12
616 10
617 10
618 10
619 7
620 5
621 6
622 9
623 15
624 6
625 5
626 7
627 10
628 7
629 13
630 8
631 7
632 7
633 8
634 7
635 8
636 10
637 5
638 13
639 8
640 7
641 5
642 6
643 7
644 6
645 6
646 7
647 13
648 5
649 11
650 12
651 11
652 5
653 5
654 7
655 11
656 8
657 6
658 8
659 11
660 7
661 7
662 8
663 8
664 8
665 9
666 12
667 12
668 6
669 7
670 10
671 9
672 10
673 5
674 7
675 9
676 4
677 7
678 11
679 11
680 5
681 8
682 3
683 6
684 6
685 10
686 9
687 9
688 3
689 6
690 8
691 9
692 5
693 6
694 9
695 4
696 11
697 11
698 12
699 9
700 8
701 9
702 7
703 9
704 8
705 6
706 7
707 7
708 4
709 10
710 11
711 4
712 3
713 8
714 3
715 8
716 5
717 10
718 11
719 3
720 4
721 6
722 11
723 11
724 5
725 4
726 6
727 10
728 5
729 6
730 9
731 6
732 8
733 7
734 10
735 9
736 6
737 9
738 7
739 10
740 7
741 8
742 11
743 9
744 5
745 7
746 6
747 6
748 4
749 11
750 12
751 9
752 7
753 8
754 3
755 5
756 5
757 3
759 3
760 3
761 8
762 7
763 3
764 3
765 8
766 3
767 3
768 6
769 2
770 3
771 3
772 5
773 4
774 3
775 3
776 2
777 1
778 4
779 4
780 3
781 4
782 2
783 3
784 3
785 3
786 3
787 10
789 3
790 4
791 3
792 7
793 5
795 2
796 6
797 2
798 2
799 4
800 2
802 4
803 2
804 3
805 2
806 5
807 4
808 7
809 2
810 2
811 3
812 3
813 1
814 5
815 3
816 2
817 5
818 1
819 4
820 4
821 3
822 1
823 4
824 2
825 1
826 3
827 1
828 2
829 4
830 2
832 1
833 2
834 2
835 2
836 2
837 2
840 1
841 5
842 2
843 3
844 2
845 1
846 5
847 1
848 1
849 4
850 3
851 2
852 3
853 3
854 1
855 3
856 1
859 1
860 1
861 3
862 2
863 3
864 2
865 2
867 4
868 2
869 2
871 2
872 3
873 1
874 1
875 3
876 1
877 1
878 1
879 2
880 1
882 2
883 3
884 2
886 1
887 2
888 1
889 2
890 2
892 3
894 2
895 1
896 1
897 3
898 1
900 1
901 1
902 2
903 2
904 1
905 2
906 4
907 4
908 2
910 1
912 1
913 1
914 1
915 1
916 2
918 1
919 1
920 4
921 2
922 1
923 1
925 5
926 3
927 1
928 1
929 4
930 2
931 2
933 1
934 1
935 2
936 4
937 5
938 1
940 1
942 3
943 2
945 2
946 1
947 2
948 1
949 3
950 3
951 2
953 3
954 1
956 4
957 1
958 2
959 2
960 6
961 4
962 1
963 2
964 1
965 1
966 2
967 1
968 1
969 1
970 1
971 1
972 1
973 2
974 2
975 1
976 2
978 1
979 1
980 1
981 1
982 2
984 2
985 1
986 1
987 1
989 3
991 1
992 2
994 1
997 2
998 1
1000 1
1001 1
1002 2
1005 4
1006 2
1007 1
1009 1
1010 1
1011 1
1012 1
1014 1
1016 1
1017 2
1020 1
1021 1
1022 2
1023 1
1024 3
1026 2
1027 1
1028 2
1029 1
1030 1
1033 1
1034 4
1036 1
1040 2
1041 2
1043 1
1044 2
1047 2
1048 1
1051 2
1052 2
1053 1
1055 1
1056 1
1057 1
1061 1
1062 1
1064 2
1067 1
1068 1
1070 1
1071 2
1073 2
1074 2
1077 1
1079 2
1082 2
1083 1
1084 1
1087 1
1088 3
1090 2
1092 1
1093 1
1094 2
1095 2
1096 1
1097 2
1098 1
1099 1
1100 1
1102 3
1103 1
1104 1
1105 1
1106 1
1109 2
1110 1
1111 1
1112 1
1114 3
1115 1
1117 2
1120 1
1122 1
1123 1
1124 1
1125 2
1126 1
1127 3
1128 1
1129 1
1130 1
1131 1
1133 1
1134 1
1136 2
1138 1
1143 1
1144 2
1146 2
1147 1
1148 2
1150 2
1156 2
1157 1
1160 2
1161 1
1162 1
1163 1
1166 1
1167 2
1168 1
1170 1
1172 1
1175 2
1178 1
1180 3
1181 1
1186 1
1192 1
1194 1
1195 1
1197 2
1198 3
1200 1
1201 1
1204 3
1206 1
1209 1
1211 2
1212 1
1215 1
1216 1
1217 1
1218 2
1219 1
1220 2
1222 2
1225 2
1226 1
1227 2
1230 1
1232 1
1234 1
1239 2
1241 1
1242 1
1243 2
1248 1
1250 3
1254 1
1258 2
1259 1
1261 1
1264 1
1267 1
1269 1
1277 1
1280 1
1281 1
1282 1
1284 1
1289 3
1295 1
1296 2
1309 1
1315 1
1316 1
1320 1
1322 1
1324 1
1325 1
1326 1
1333 3
1339 1
1340 2
1342 3
1345 1
1349 2
1350 1
1351 1
1359 2
1361 2
1365 1
1367 1
1368 2
1370 1
1371 1
1372 1
1374 1
1382 1
1390 1
1392 2
1397 1
1404 1
1408 1
1409 1
1410 1
1411 1
1412 1
1413 1
1414 1
1418 1
1419 1
1420 1
1422 1
1424 1
1431 1
1443 1
1445 1
1451 2
1462 1
1465 2
1468 1
1469 1
1471 1
1475 1
1478 2
1491 1
1492 1
1496 1
1512 1
1514 1
1518 1
1522 1
1523 1
1526 1
1534 1
1540 1
1548 1
1550 1
1556 1
1563 2
1564 1
1569 1
1575 1
1580 1
1582 1
1585 2
1588 1
1589 1
1596 1
1607 1
1614 1
1616 1
1618 1
1622 1
1624 1
1631 1
1634 1
1647 1
1650 1
1674 1
1689 1
1705 1
1710 1
1723 1
1732 2
1738 2
1751 1
1762 1
1765 2
1766 1
1771 1
1789 1
1791 1
1796 3
1798 1
1821 1
1823 1
1828 1
1829 1
1830 1
1836 1
1858 1
1862 1
1878 1
1904 1
1910 1
1915 1
1925 1
1935 1
1936 1
1940 2
1942 1
1958 1
1967 1
1983 1
2000 1
2012 1
2024 1
2031 1
2036 1
2059 1
2068 1
2075 1
2078 1
2125 1
2129 1
2135 1
2165 1
2168 1
2177 1
2195 1
2199 1
2201 1
2204 1
2211 1
2221 1
2267 1
2278 1
2304 1
2328 1
2329 1
2346 1
2354 2
2357 1
2375 1
2383 1
2385 1
2395 1
2398 1
2400 1
2411 1
2427 1
2442 1
2456 1
2458 1
2459 1
2461 1
2471 1
2477 2
2480 1
2498 1
2499 1
2501 1
2504 1
2525 2
2557 1
2558 1
2591 1
2610 1
2627 1
2646 1
2665 1
2710 1
2716 1
2729 1
2740 1
2757 1
2809 1
2815 1
2824 1
2851 1
2856 1
2895 1
2930 2
2935 1
2952 1
2966 1
2986 1
2992 1
2999 1
3007 1
3033 1
3093 1
3205 1
3260 1
3308 1
3447 1
3493 1
3495 1
3600 1
3726 1
3747 1
3938 1
3954 1
4031 1
4122 1
4177 1
4202 1
4325 1
4345 1
4421 1
4533 1
4634 1
4649 1
4699 1
4733 1
4937 1
5150 1
5631 1
6045 1
9442 1
12870 1
14815 1
out degree distribution: 
0 38576
1 785930
2 429508
3 297585
4 229241
5 184674
6 154302
7 133175
8 115312
9 102450
10 91146
11 82732
12 76106
13 68355
14 63127
15 58224
16 54050
17 50224
18 46941
19 43683
20 40957
21 38158
22 35751
23 33969
24 31744
25 30028
26 28314
27 26924
28 25462
29 24161
30 22973
31 21734
32 20689
33 19632
34 18749
35 18042
36 17065
37 16086
38 15354
39 14510
40 13906
41 13428
42 12668
43 12151
44 11746
45 11436
46 10891
47 10473
48 10169
49 9673
50 9288
51 8892
52 8558
53 8061
54 7712
55 7528
56 7265
57 6978
58 6560
59 6287
60 6173
61 5947
62 5858
63 5524
64 5432
65 5167
66 5079
67 4855
68 4636
69 4472
70 4289
71 4266
72 4014
73 3969
74 3641
75 3827
76 3543
77 3476
78 3437
79 3270
80 3236
81 3028
82 3011
83 2866
84 2881
85 2788
86 2630
87 2441
88 2432
89 2473
90 2313
91 2432
92 2247
93 2238
94 2109
95 2010
96 2093
97 1904
98 1881
99 1778
100 1807
101 1746
102 1638
103 1662
104 1661
105 1576
106 1566
107 1478
108 1452
109 1372
110 1408
111 1365
112 1322
113 1328
114 1251
115 1230
116 1285
117 1147
118 1183
119 1068
120 1099
121 1045
122 1061
123 952
124 991
125 988
126 980
127 854
128 825
129 893
130 869
131 886
132 860
133 794
134 809
135 779
136 713
137 789
138 727
139 747
140 676
141 662
142 716
143 656
144 598
145 637
146 682
147 604
148 628
149 562
150 552
151 562
152 575
153 513
154 519
155 488
156 540
157 497
158 469
159 481
160 507
161 494
162 466
163 441
164 406
165 421
166 426
167 373
168 417
169 387
170 390
171 393
172 384
173 394
174 395
175 440
176 392
177 328
178 352
179 336
180 316
181 361
182 327
183 325
184 309
185 350
186 329
187 314
188 304
189 336
190 327
191 277
192 259
193 303
194 277
195 288
196 283
197 273
198 261
199 263
200 290
201 248
202 253
203 237
204 247
205 233
206 266
207 286
208 210
209 220
210 208
211 211
212 212
213 239
214 224
215 218
216 196
217 209
218 219
219 185
220 180
221 192
222 224
223 198
224 168
225 193
226 165
227 173
228 167
229 156
230 161
231 149
232 154
233 140
234 169
235 161
236 150
237 180
238 145
239 143
240 170
241 157
242 150
243 134
244 139
245 127
246 140
247 120
248 129
249 116
250 132
251 111
252 124
253 117
254 119
255 104
256 117
257 107
258 109
259 118
260 118
261 107
262 92
263 105
264 91
265 113
266 109
267 117
268 96
269 109
270 103
271 93
272 102
273 114
274 80
275 100
276 98
277 93
278 94
279 103
280 100
281 109
282 87
283 64
284 82
285 97
286 81
287 94
288 76
289 80
290 85
291 70
292 63
293 63
294 76
295 97
296 76
297 69
298 76
299 76
300 75
301 67
302 70
303 80
304 73
305 75
306 73
307 55
308 79
309 57
310 77
311 71
312 74
313 66
314 74
315 66
316 64
317 58
318 74
319 63
320 63
321 59
322 59
323 63
324 67
325 72
326 59
327 53
328 60
329 57
330 60
331 58
332 55
333 64
334 60
335 43
336 64
337 49
338 45
339 60
340 30
341 51
342 48
343 52
344 51
345 53
346 47
347 49
348 43
349 39
350 48
351 52
352 59
353 43
354 38
355 45
356 47
357 47
358 49
359 47
360 48
361 48
362 45
363 42
364 40
365 30
366 35
367 44
368 34
369 43
370 34
371 46
372 45
373 44
374 48
375 50
376 39
377 41
378 39
379 41
380 39
381 34
382 43
383 52
384 41
385 43
386 39
387 38
388 69
389 67
390 80
391 50
392 44
393 33
394 38
395 45
396 36
397 36
398 45
399 25
400 30
401 34
402 30
403 36
404 28
405 45
406 36
407 33
408 41
409 31
410 29
411 44
412 39
413 38
414 41
415 38
416 39
417 37
418 33
419 41
420 26
421 33
422 25
423 35
424 32
425 35
426 34
427 28
428 19
429 29
430 24
431 25
432 32
433 35
434 23
435 32
436 34
437 33
438 34
439 26
440 35
441 35
442 30
443 29
444 37
445 31
446 24
447 24
448 23
449 20
450 20
451 18
452 25
453 23
454 17
455 13
456 30
457 16
458 26
459 20
460 26
461 17
462 18
463 22
464 25
465 27
466 23
467 27
468 22
469 14
470 23
471 19
472 22
473 13
474 18
475 11
476 16
477 27
478 13
479 10
480 18
481 30
482 12
483 22
484 25
485 18
486 16
487 23
488 14
489 22
490 19
491 21
492 27
493 21
494 24
495 12
496 22
497 17
498 16
499 22
500 21
501 22
502 16
503 18
504 13
505 10
506 20
507 23
508 15
509 14
510 9
511 15
512 11
513 29
514 18
515 16
516 16
517 11
518 14
519 13
520 15
521 14
522 11
523 10
524 13
525 16
526 6
527 18
528 9
529 13
530 9
531 7
532 13
533 6
534 13
535 10
536 6
537 12
538 11
539 9
540 16
541 12
542 9
543 14
544 11
545 11
546 11
547 8
548 18
549 8
550 17
551 13
552 13
553 10
554 12
555 14
556 11
557 17
558 9
559 16
560 9
561 6
562 9
563 14
564 10
565 18
566 8
567 15
568 15
569 19
570 16
571 8
572 4
573 7
574 5
575 10
576 11
577 8
578 14
579 13
580 12
581 13
582 9
583 15
584 8
585 15
586 18
587 9
588 8
589 14
590 16
591 13
592 10
593 11
594 14
595 15
596 14
597 11
598 9
599 15
600 6
601 11
602 10
603 10
604 10
605 12
606 8
607 12
608 10
609 7
610 6
611 11
612 5
613 12
614 10
615 12
616 10
617 10
618 10
619 7
620 5
621 6
622 9
623 15
624 6
625 5
626 7
627 10
628 7
629 13
630 8
631 7
632 7
633 8
634 7
635 8
636 10
637 5
638 13
639 8
640 7
641 5
642 6
643 7
644 6
645 6
646 7
647 13
648 5
649 11
650 12
651 11
652 5
653 5
654 7
655 11
656 8
657 6
658 8
659 11
660 7
661 7
662 8
663 8
664 8
665 9
666 12
667 12
668 6
669 7
670 10
671 9
672 10
673 5
674 7
675 9
676 4
677 7
678 11
679 11
680 5
681 8
682 3
683 6
684 6
685 10
686 9
687 9
688 3
689 6
690 8
691 9
692 5
693 6
694 9
695 4
696 11
697 11
698 12
699 9
700 8
701 9
702 7
703 9
704 8
705 6
706 7
707 7
708 4
709 10
710 11
711 4
712 3
713 8
714 3
715 8
716 5
717 10
718 11
719 3
720 4
721 6
722 11
723 11
724 5
725 4
726 6
727 10
728 5
729 6
730 9
731 6
732 8
733 7
734 10
735 9
736 6
737 9
738 7
739 10
740 7
741 8
742 11
743 9
744 5
745 7
746 6
747 6
748 4
749 11
750 12
751 9
752 7
753 8
754 3
755 5
756 5
757 3
759 3
760 3
761 8
762 7
763 3
764 3
765 8
766 3
767 3
768 6
769 2
770 3
771 3
772 5
773 4
774 3
775 3
776 2
777 1
778 4
779 4
780 3
781 4
782 2
783 3
784 3
785 3
786 3
787 10
789 3
790 4
791 3
792 7
793 5
795 2
796 6
797 2
798 2
799 4
800 2
802 4
803 2
804 3
805 2
806 5
807 4
808 7
809 2
810 2
811 3
812 3
813 1
814 5
815 3
816 2
817 5
818 1
819 4
820 4
821 3
822 1
823 4
824 2
825 1
826 3
827 1
828 2
829 4
830 2
832 1
833 2
834 2
835 2
836 2
837 2
840 1
841 5
842 2
843 3
844 2
845 1
846 5
847 1
848 1
849 4
850 3
851 2
852 3
853 3
854 1
855 3
856 1
859 1
860 1
861 3
862 2
863 3
864 2
865 2
867 4
868 2
869 2
871 2
872 3
873 1
874 1
875 3
876 1
877 1
878 1
879 2
880 1
882 2
883 3
884 2
886 1
887 2
888 1
889 2
890 2
892 3
894 2
895 1
896 1
897 3
898 1
900 1
901 1
902 2
903 2
904 1
905 2
906 4
907 4
908 2
910 1
912 1
913 1
914 1
915 1
916 2
918 1
919 1
920 4
921 2
922 1
923 1
925 5
926 3
927 1
928 1
929 4
930 2
931 2
933 1
934 1
935 2
936 4
937 5
938 1
940 1
942 3
943 2
945 2
946 1
947 2
948 1
949 3
950 3
951 2
953 3
954 1
956 4
957 1
958 2
959 2
960 6
961 4
962 1
963 2
964 1
965 1
966 2
967 1
968 1
969 1
970 1
971 1
972 1
973 2
974 2
975 1
976 2
978 1
979 1
980 1
981 1
982 2
984 2
985 1
986 1
987 1
989 3
991 1
992 2
994 1
997 2
998 1
1000 1
1001 1
1002 2
1005 4
1006 2
1007 1
1009 1
1010 1
1011 1
1012 1
1014 1
1016 1
1017 2
1020 1
1021 1
1022 2
1023 1
1024 3
1026 2
1027 1
1028 2
1029 1
1030 1
1033 1
1034 4
1036 1
1040 2
1041 2
1043 1
1044 2
1047 2
1048 1
1051 2
1052 2
1053 1
1055 1
1056 1
1057 1
1061 1
1062 1
1064 2
1067 1
1068 1
1070 1
1071 2
1073 2
1074 2
1077 1
1079 2
1082 2
1083 1
1084 1
1087 1
1088 3
1090 2
1092 1
1093 1
1094 2
1095 2
1096 1
1097 2
1098 1
1099 1
1100 1
1102 3
1103 1
1104 1
1105 1
1106 1
1109 2
1110 1
1111 1
1112 1
1114 3
1115 1
1117 2
1120 1
1122 1
1123 1
1124 1
1125 2
1126 1
1127 3
1128 1
1129 1
1130 1
1131 1
1133 1
1134 1
1136 2
1138 1
1143 1
1144 2
1146 2
1147 1
1148 2
1150 2
1156 2
1157 1
1160 2
1161 1
1162 1
1163 1
1166 1
1167 2
1168 1
1170 1
1172 1
1175 2
1178 1
1180 3
1181 1
1186 1
1192 1
1194 1
1195 1
1197 2
1198 3
1200 1
1201 1
1204 3
1206 1
1209 1
1211 2
1212 1
1215 1
1216 1
1217 1
1218 2
1219 1
1220 2
1222 2
1225 2
1226 1
1227 2
1230 1
1232 1
1234 1
1239 2
1241 1
1242 1
1243 2
1248 1
1250 3
1254 1
1258 2
1259 1
1261 1
1264 1
1267 1
1269 1
1277 1
1280 1
1281 1
1282 1
1284 1
1289 3
1295 1
1296 2
1309 1
1315 1
1316 1
1320 1
1322 1
1324 1
1325 1
1326 1
1333 3
1339 1
1340 2
1342 3
1345 1
1349 2
1350 1
1351 1
1359 2
1361 2
1365 1
1367 1
1368 2
1370 1
1371 1
1372 1
1374 1
1382 1
1390 1
1392 2
1397 1
1404 1
1408 1
1409 1
1410 1
1411 1
1412 1
1413 1
1414 1
1418 1
1419 1
1420 1
1422 1
1424 1
1431 1
1443 1
1445 1
1451 2
1462 1
1465 2
1468 1
1469 1
1471 1
1475 1
1478 2
1491 1
1492 1
1496 1
1512 1
1514 1
1518 1
1522 1
1523 1
1526 1
1534 1
1540 1
1548 1
1550 1
1556 1
1563 2
1564 1
1569 1
1575 1
1580 1
1582 1
1585 2
1588 1
1589 1
1596 1
1607 1
1614 1
1616 1
1618 1
1622 1
1624 1
1631 1
1634 1
1647 1
1650 1
1674 1
1689 1
1705 1
1710 1
1723 1
1732 2
1738 2
1751 1
1762 1
1765 2
1766 1
1771 1
1789 1
1791 1
1796 3
1798 1
1821 1
1823 1
1828 1
1829 1
1830 1
1836 1
1858 1
1862 1
1878 1
1904 1
1910 1
1915 1
1925 1
1935 1
1936 1
1940 2
1942 1
1958 1
1967 1
1983 1
2000 1
2012 1
2024 1
2031 1
2036 1
2059 1
2068 1
2075 1
2078 1
2125 1
2129 1
2135 1
2165 1
2168 1
2177 1
2195 1
2199 1
2201 1
2204 1
2211 1
2221 1
2267 1
2278 1
2304 1
2328 1
2329 1
2346 1
2354 2
2357 1
2375 1
2383 1
2385 1
2395 1
2398 1
2400 1
2411 1
2427 1
2442 1
2456 1
2458 1
2459 1
2461 1
2471 1
2477 2
2480 1
2498 1
2499 1
2501 1
2504 1
2525 2
2557 1
2558 1
2591 1
2610 1
2627 1
2646 1
2665 1
2710 1
2716 1
2729 1
2740 1
2757 1
2809 1
2815 1
2824 1
2851 1
2856 1
2895 1
2930 2
2935 1
2952 1
2966 1
2986 1
2992 1
2999 1
3007 1
3033 1
3093 1
3205 1
3260 1
3308 1
3447 1
3493 1
3495 1
3600 1
3726 1
3747 1
3938 1
3954 1
4031 1
4122 1
4177 1
4202 1
4325 1
4345 1
4421 1
4533 1
4634 1
4649 1
4699 1
4733 1
4937 1
5150 1
5631 1
6045 1
9442 1
12870 1
14815 1
read/write bytes 378795586 19989805
frontier distribution: 
1 1 54 13697 338502 1883840 1483981 245382 27583 4030 665 203 19 4 
read/write bytes 378795586 19989805
frontier distribution: 
1 1 10 143 17801 202701 871811 1937226 830976 119006 15143 2587 411 110 31 4 
read/write bytes 378795586 19989805
frontier distribution: 
1 13 199 8977 332036 2000098 1398524 225194 27660 4407 642 174 35 2 
read/write bytes 378795586 19989805
frontier distribution: 
1 3 17 471 29090 756984 2109667 946194 135624 16657 2629 462 95 66 2 
read/write bytes 378795586 19989805
frontier distribution: 
1 13 200 4210 181995 1685624 1739705 339850 39155 6000 966 193 44 5 1 
read/write bytes 378795586 19989805
frontier distribution: 
1 104 5627 234545 1657496 1653989 390484 47575 6750 1092 204 83 10 2 
read/write bytes 378795586 19989805
frontier distribution: 
1 9 258 26606 718615 2132581 964202 134940 17303 2775 525 115 30 2 
read/write bytes 378795586 19989805
frontier distribution: 
1 1 59 5476 187736 1385855 1822877 521190 64458 8541 1439 223 94 10 2 
read/write bytes 378795586 19989805
frontier distribution: 
1 4 25 172 5573 242939 1849972 1569185 288668 34843 5405 937 187 28 22 1 
read/write bytes 378795586 19989805
frontier distribution: 
1 1 77 4655 239945 1748353 1619966 337106 40664 5907 1029 164 84 8 2 
BFS rum time: 1.01545 seconds.
