vertex num: 1632804
edge num: 30622564
Zero outgoing vertex percentage is 0.122557
in degree distribution: 
0 113352
1 205341
2 132176
3 97093
4 78058
5 65203
6 56744
7 49174
8 44230
9 39937
10 36825
11 33888
12 31110
13 29010
14 26974
15 25577
16 23810
17 22862
18 21582
19 20070
20 18842
21 18171
22 17209
23 16284
24 15375
25 14819
26 13925
27 13490
28 12641
29 12162
30 11525
31 11174
32 10923
33 10080
34 9749
35 9414
36 8986
37 8635
38 8224
39 7946
40 7728
41 7248
42 6972
43 6797
44 6592
45 6135
46 6034
47 5778
48 5589
49 5446
50 5162
51 4960
52 4749
53 4686
54 4539
55 4257
56 4132
57 3959
58 3819
59 3679
60 3594
61 3497
62 3444
63 3199
64 3276
65 3111
66 3010
67 2797
68 2774
69 2641
70 2633
71 2543
72 2405
73 2326
74 2301
75 2223
76 2167
77 1995
78 2050
79 1962
80 1874
81 1849
82 1750
83 1728
84 1606
85 1577
86 1632
87 1520
88 1521
89 1494
90 1375
91 1354
92 1327
93 1278
94 1187
95 1187
96 1248
97 1167
98 1129
99 1069
100 1083
101 981
102 1045
103 999
104 925
105 911
106 891
107 810
108 794
109 805
110 747
111 752
112 748
113 710
114 639
115 636
116 678
117 672
118 559
119 568
120 587
121 594
122 544
123 497
124 525
125 526
126 486
127 493
128 472
129 452
130 461
131 460
132 413
133 444
134 389
135 404
136 385
137 349
138 375
139 330
140 341
141 322
142 340
143 317
144 312
145 321
146 298
147 286
148 258
149 245
150 239
151 279
152 231
153 241
154 226
155 221
156 214
157 188
158 217
159 214
160 207
161 190
162 197
163 176
164 194
165 173
166 170
167 159
168 151
169 163
170 146
171 152
172 149
173 143
174 164
175 133
176 129
177 146
178 151
179 139
180 106
181 90
182 104
183 108
184 115
185 94
186 114
187 92
188 102
189 108
190 72
191 69
192 107
193 89
194 96
195 92
196 74
197 85
198 65
199 88
200 66
201 73
202 74
203 72
204 57
205 63
206 69
207 63
208 62
209 60
210 74
211 44
212 51
213 47
214 44
215 52
216 53
217 36
218 55
219 38
220 43
221 44
222 46
223 51
224 51
225 40
226 47
227 34
228 34
229 45
230 51
231 39
232 45
233 25
234 33
235 40
236 30
237 34
238 37
239 29
240 28
241 28
242 32
243 28
244 27
245 17
246 21
247 24
248 20
249 24
250 27
251 24
252 21
253 15
254 25
255 17
256 18
257 19
258 20
259 16
260 29
261 19
262 17
263 16
264 20
265 16
266 17
267 12
268 25
269 15
270 16
271 15
272 10
273 22
274 16
275 16
276 12
277 12
278 16
279 11
280 11
281 12
282 14
283 11
284 14
285 10
286 8
287 17
288 14
289 13
290 14
291 15
292 10
293 13
294 12
295 7
296 11
297 9
298 8
299 13
300 14
301 6
302 9
303 7
304 5
305 8
306 4
307 9
308 10
309 10
310 7
311 3
312 13
313 14
314 4
315 2
316 4
317 7
318 5
319 6
320 6
321 4
322 3
323 3
324 11
325 5
326 6
327 2
328 9
329 3
330 2
331 7
332 4
333 3
334 7
335 8
336 3
337 5
338 4
339 2
340 7
341 4
342 1
343 4
344 10
345 7
346 9
347 5
348 5
349 7
350 3
351 5
352 1
353 6
354 1
355 2
356 8
357 3
358 3
359 2
360 3
361 3
363 2
364 4
365 4
366 3
367 3
368 2
369 4
370 4
372 1
373 2
374 2
375 1
376 3
377 3
378 1
379 2
380 1
381 3
382 3
384 2
385 1
386 1
387 1
388 4
389 4
390 3
392 1
393 2
395 6
396 2
397 1
398 3
399 2
401 1
403 2
404 1
405 2
407 2
409 2
411 3
412 6
413 1
414 5
415 2
416 1
417 1
418 1
419 1
421 2
422 3
423 4
424 1
425 1
426 2
427 1
428 1
430 4
434 4
437 1
438 1
439 2
440 2
441 1
442 1
443 2
445 1
446 3
449 2
450 1
451 1
453 2
454 2
455 2
457 1
458 2
460 2
461 1
466 1
467 1
468 1
472 1
473 1
478 1
481 1
483 1
484 1
487 1
488 1
489 1
494 2
496 1
497 1
499 1
501 1
506 1
511 1
512 1
514 1
516 1
519 1
522 2
525 2
534 1
539 1
541 1
543 1
544 2
555 1
562 1
572 1
577 1
585 2
586 1
587 1
589 1
591 1
599 1
602 1
608 1
611 1
616 1
617 1
622 1
623 1
625 1
632 1
637 1
639 2
641 1
642 1
654 1
660 1
662 1
667 1
670 1
681 1
685 1
695 1
702 1
707 2
708 1
721 1
728 1
739 1
749 1
765 1
779 1
781 1
788 1
791 1
792 1
801 1
809 1
825 1
838 1
872 1
898 1
949 1
1140 1
1189 1
1238 1
1279 1
1289 1
1307 1
1354 1
1413 1
1889 1
2015 1
2235 1
2910 1
4855 1
7613 1
8215 1
13733 1
out degree distribution: 
0 200111
1 155691
2 105446
3 83246
4 70051
5 60209
6 53978
7 47970
8 43324
9 39878
10 36891
11 33845
12 31591
13 29878
14 27938
15 26292
16 25116
17 23719
18 22041
19 21203
20 20068
21 19033
22 18150
23 17291
24 16334
25 15896
26 15005
27 14460
28 13773
29 13139
30 12397
31 11848
32 11486
33 10744
34 10602
35 9986
36 9635
37 9377
38 8756
39 8376
40 8092
41 7604
42 7466
43 7151
44 6801
45 6613
46 6309
47 6001
48 5848
49 5634
50 5479
51 5120
52 5007
53 4829
54 4599
55 4377
56 4298
57 4055
58 4001
59 3750
60 3530
61 3556
62 3468
63 3159
64 3157
65 3003
66 2980
67 2828
68 2829
69 2644
70 2578
71 2512
72 2387
73 2369
74 2172
75 2087
76 2060
77 1959
78 1985
79 1861
80 1828
81 1736
82 1589
83 1629
84 1471
85 1527
86 1485
87 1413
88 1462
89 1316
90 1296
91 1222
92 1230
93 1186
94 1074
95 1200
96 1119
97 1065
98 1058
99 948
100 952
101 953
102 828
103 843
104 866
105 829
106 758
107 765
108 676
109 718
110 735
111 645
112 609
113 558
114 578
115 628
116 600
117 544
118 511
119 540
120 516
121 494
122 508
123 443
124 456
125 414
126 472
127 376
128 373
129 368
130 362
131 409
132 337
133 341
134 333
135 328
136 318
137 298
138 344
139 306
140 275
141 300
142 289
143 263
144 249
145 265
146 247
147 236
148 212
149 226
150 194
151 224
152 210
153 214
154 201
155 216
156 215
157 194
158 185
159 183
160 165
161 165
162 163
163 154
164 148
165 150
166 146
167 153
168 150
169 163
170 125
171 141
172 133
173 136
174 136
175 113
176 105
177 115
178 110
179 120
180 118
181 103
182 123
183 93
184 82
185 96
186 77
187 96
188 93
189 67
190 85
191 92
192 88
193 77
194 80
195 66
196 80
197 70
198 74
199 71
200 64
201 66
202 81
203 56
204 54
205 63
206 50
207 56
208 43
209 48
210 43
211 42
212 50
213 54
214 62
215 50
216 34
217 47
218 46
219 35
220 39
221 31
222 32
223 40
224 28
225 43
226 33
227 38
228 34
229 43
230 38
231 30
232 31
233 37
234 43
235 29
236 32
237 36
238 27
239 28
240 34
241 24
242 23
243 27
244 27
245 32
246 31
247 32
248 20
249 17
250 23
251 26
252 24
253 22
254 29
255 21
256 20
257 12
258 27
259 19
260 24
261 18
262 19
263 12
264 15
265 18
266 14
267 19
268 15
269 14
270 13
271 16
272 15
273 24
274 10
275 19
276 21
277 12
278 19
279 16
280 10
281 11
282 10
283 10
284 16
285 19
286 18
287 12
288 10
289 19
290 13
291 7
292 8
293 17
294 11
295 13
296 12
297 10
298 5
299 8
300 9
301 8
302 9
303 12
304 11
305 8
306 9
307 13
308 9
309 9
310 8
311 13
312 6
313 9
314 10
315 13
316 11
317 12
318 11
319 11
320 8
321 6
322 7
323 9
324 5
325 4
326 5
327 2
328 9
329 6
330 9
331 8
332 10
333 4
334 10
335 4
336 8
337 7
338 3
339 6
340 7
341 4
342 6
343 5
344 6
345 10
346 7
347 6
348 7
349 3
350 9
351 6
352 9
353 11
354 5
355 3
356 7
357 4
358 7
359 3
360 4
361 5
362 4
363 5
364 4
365 11
366 6
367 2
368 2
369 5
370 7
371 6
372 6
373 4
374 3
375 4
376 2
377 4
378 7
379 5
380 5
381 1
382 1
383 5
384 3
385 4
386 2
387 3
388 2
389 7
390 2
391 4
392 7
393 4
394 5
395 3
396 2
397 5
398 7
399 3
400 4
402 6
403 5
404 3
405 2
406 4
407 4
408 3
409 5
410 2
411 1
412 3
413 4
414 3
415 4
416 4
417 1
418 4
419 4
420 5
421 2
422 3
423 4
424 2
425 3
426 1
427 4
428 2
429 6
430 2
431 4
432 1
433 2
434 5
435 4
437 1
438 4
439 3
440 2
441 4
442 1
443 1
444 1
446 1
447 4
448 1
449 1
450 4
451 5
452 1
453 2
454 2
455 1
456 1
457 6
458 2
459 1
460 1
461 1
462 4
463 2
464 1
466 2
467 5
468 2
469 5
470 3
472 2
473 1
474 3
475 1
477 1
478 2
479 1
480 1
481 3
482 3
483 2
484 2
485 2
486 1
488 1
489 3
491 1
492 2
493 2
496 2
499 2
502 2
504 3
505 3
506 3
508 2
510 1
511 2
512 1
513 1
514 2
516 2
517 1
518 1
519 1
520 1
521 3
522 1
523 2
524 1
525 3
526 2
527 2
530 1
531 2
534 1
535 1
536 3
537 2
538 2
539 2
540 1
542 2
543 1
545 1
547 2
548 2
549 1
551 1
552 2
553 1
554 1
555 1
557 1
559 1
560 1
561 1
562 1
564 1
566 1
567 3
568 2
569 4
570 1
571 1
572 2
574 2
577 2
578 1
579 2
580 1
583 2
584 1
585 2
586 2
589 3
591 2
593 1
597 1
600 1
602 2
604 1
605 3
607 1
609 1
613 1
617 3
618 3
620 2
622 3
623 1
626 1
627 2
628 1
634 1
638 2
639 1
640 2
644 1
648 2
651 1
654 2
661 1
665 1
666 1
672 2
673 1
676 1
680 2
681 1
685 1
686 1
687 2
688 1
689 1
690 1
694 1
699 1
701 1
703 1
714 1
715 1
716 3
720 1
721 1
722 4
725 1
728 1
729 1
731 2
736 1
738 1
740 1
741 1
743 1
744 1
746 1
747 1
748 1
755 1
761 1
762 1
764 1
767 1
768 1
770 2
771 1
774 1
780 1
784 1
792 1
794 1
800 1
802 1
803 1
804 2
806 1
807 1
810 1
811 1
812 1
814 1
815 2
823 2
829 1
836 1
839 1
843 1
850 1
856 2
857 1
862 2
863 1
864 1
866 1
869 2
871 2
872 1
873 1
877 1
878 1
880 1
884 1
886 1
890 1
891 2
896 2
899 1
904 1
909 1
913 1
914 1
916 1
922 1
924 1
926 1
928 1
929 4
930 1
932 1
934 1
936 1
938 1
940 2
946 1
951 1
953 1
954 1
955 3
956 1
967 1
970 2
973 1
980 1
981 1
983 1
986 1
989 3
990 1
991 1
994 2
995 1
998 2
1020 1
1693 1
1757 1
2315 1
2375 1
3878 1
4535 1
6661 1
6785 1
7564 1
8763 1
read/write bytes 162830000 7521470
frontier distribution: 
1 16 631 31319 444058 769928 229145 26547 2262 372 15 1 
read/write bytes 162830000 7521470
frontier distribution: 
1 39 1138 33608 388889 791289 256101 30114 2738 360 16 2 
read/write bytes 162830000 7521470
frontier distribution: 
1 47 2476 69172 588404 668095 157034 17219 1687 139 16 4 1 
read/write bytes 162830000 7521470
frontier distribution: 
1 92 13096 288419 798435 348954 49891 4821 548 33 4 1 
read/write bytes 162830000 7521470
frontier distribution: 
1 25 516 12539 213302 817519 402336 52703 4811 512 26 5 
read/write bytes 162830000 7521470
frontier distribution: 
1 61 2910 62527 478930 720962 212593 23798 2195 301 15 2 
read/write bytes 162830000 7521470
frontier distribution: 
1 8 270 8901 204264 884968 359952 41931 3594 385 18 3 
read/write bytes 162830000 7521470
frontier distribution: 
1 10 215 5427 108815 718906 555738 103547 10444 1083 95 13 1 
read/write bytes 162830000 7521470
frontier distribution: 
1 20 673 17032 248330 813653 370041 49325 4624 557 36 3 
read/write bytes 162830000 7521470
frontier distribution: 
1 1 8 183 4977 132047 752719 511889 92246 9215 866 135 7 1 
BFS rum time: 0.473326 seconds.
